CID;TABCD;LCD;CLASS;TCD;STCD;NID;POL_LCD
852;3;1;A;1;0;2814;
852;3;6384;A;3;0;10887;1
852;3;2;A;3;0;7682;1
852;3;10;A;7;0;3472;2
852;3;9;A;7;0;2877;2
852;3;12;A;7;0;3825;2
852;3;11;A;7;0;3546;2
852;3;8;A;7;0;2172;2
852;3;6;A;7;0;1361;2
852;3;4;A;7;0;1256;2
852;3;3;A;7;0;1806;2
852;3;7;A;7;0;1709;2
852;3;18;A;7;0;4245;2
852;3;20;A;7;0;11949;2
852;3;19;A;7;0;11498;2
852;3;22;A;7;0;12302;2
852;3;21;A;7;0;12104;2
852;3;17;A;7;0;10372;2
852;3;14;A;7;0;8658;2
852;3;13;A;7;0;5111;2
852;3;16;A;7;0;10194;2
852;3;15;A;7;0;9374;2
852;3;5;A;7;0;947;2
852;3;2133;A;8;0;11151;16
852;3;1197;A;8;0;11106;16
852;3;1570;A;8;0;11102;16
852;3;1988;A;8;0;11235;16
852;3;2828;A;8;0;11211;16
852;3;687;A;8;0;11159;16
852;3;1251;A;8;0;10937;16
852;3;1964;A;8;0;10913;16
852;3;2476;A;8;0;10909;16
852;3;300;A;8;0;10995;16
852;3;1761;A;8;0;10988;16
852;3;3004;A;8;0;10970;16
852;3;2763;A;8;0;12211;16
852;3;1488;A;8;0;12088;16
852;3;2041;A;8;0;11905;16
852;3;2151;A;8;0;12249;16
852;3;1855;A;8;0;12233;16
852;3;2809;A;8;0;12215;16
852;3;2516;A;8;0;11592;16
852;3;2195;A;8;0;11570;16
852;3;2994;A;8;0;11287;16
852;3;2870;A;8;0;11897;16
852;3;2341;A;8;0;11731;16
852;3;2678;A;8;0;11612;16
852;3;2755;A;8;0;10870;16
852;3;913;A;8;0;10232;16
852;3;1635;A;8;0;10231;16
852;3;1677;A;8;0;10229;16
852;3;1652;A;8;0;10237;16
852;3;1300;A;8;0;10235;16
852;3;2299;A;8;0;10233;16
852;3;1963;A;8;0;10220;16
852;3;1000;A;8;0;10219;16
852;3;2026;A;8;0;10215;16
852;3;3090;A;8;0;10228;16
852;3;1137;A;8;0;10226;16
852;3;1685;A;8;0;10222;16
852;3;2461;A;8;0;10694;16
852;3;2202;A;8;0;10691;16
852;3;1782;A;8;0;10668;16
852;3;2551;A;8;0;10783;16
852;3;1948;A;8;0;10726;16
852;3;2991;A;8;0;10696;16
852;3;2484;A;8;0;10345;16
852;3;1558;A;8;0;10242;16
852;3;788;A;8;0;10238;16
852;3;2710;A;8;0;10588;16
852;3;2524;A;8;0;10448;16
852;3;1890;A;8;0;10367;16
852;3;3167;A;8;0;12297;16
852;3;289;A;8;0;2036;17
852;3;1829;A;8;0;2017;17
852;3;2381;A;8;0;2002;17
852;3;2934;A;8;0;2260;17
852;3;1580;A;8;0;2040;17
852;3;1793;A;8;0;2039;17
852;3;634;A;8;0;1837;17
852;3;1998;A;8;0;1744;17
852;3;452;A;8;0;1648;17
852;3;1896;A;8;0;1994;17
852;3;2097;A;8;0;1950;17
852;3;1812;A;8;0;1882;17
852;3;656;A;8;0;2960;17
852;3;184;A;8;0;2863;17
852;3;864;A;8;0;2818;17
852;3;1633;A;8;0;3126;17
852;3;2505;A;8;0;3084;17
852;3;2192;A;8;0;3072;17
852;3;362;A;8;0;2422;17
852;3;732;A;8;0;2403;17
852;3;333;A;8;0;2318;17
852;3;914;A;8;0;2763;17
852;3;1231;A;8;0;2725;17
852;3;770;A;8;0;2697;17
852;3;1116;A;8;0;1552;17
852;3;492;A;8;0;939;5
852;3;2300;A;8;0;12506;16
852;3;2456;A;8;0;12504;16
852;3;676;A;8;0;818;17
852;3;801;A;8;0;799;17
852;3;387;A;8;0;663;17
852;3;723;A;8;0;12411;16
852;3;2615;A;8;0;12301;16
852;3;846;A;8;0;12299;16
852;3;2657;A;8;0;12503;16
852;3;1909;A;8;0;12457;16
852;3;2267;A;8;0;12452;16
852;3;2027;A;8;0;1435;17
852;3;1631;A;8;0;1432;17
852;3;2142;A;8;0;1424;17
852;3;1313;A;8;0;1490;17
852;3;1803;A;8;0;1483;17
852;3;1528;A;8;0;1465;17
852;3;233;A;8;0;1199;17
852;3;367;A;8;0;1053;17
852;3;757;A;8;0;848;17
852;3;1697;A;8;0;1315;17
852;3;1651;A;8;0;1242;17
852;3;1531;A;8;0;1214;17
852;3;1975;A;8;0;7661;16
852;3;1437;A;8;0;7647;16
852;3;2743;A;8;0;5583;16
852;3;1111;A;8;0;7958;16
852;3;1033;A;8;0;7938;16
852;3;132;A;8;0;7763;16
852;3;2007;A;8;0;5399;16
852;3;1830;A;8;0;5372;16
852;3;715;A;8;0;5366;16
852;3;3131;A;8;0;5493;16
852;3;432;A;8;0;5453;16
852;3;1131;A;8;0;5415;16
852;3;1049;A;8;0;8306;16
852;3;1090;A;8;0;8304;16
852;3;416;A;8;0;8285;16
852;3;2137;A;8;0;8516;16
852;3;1930;A;8;0;8443;16
852;3;2290;A;8;0;8322;16
852;3;2693;A;8;0;8052;16
852;3;1800;A;8;0;8046;16
852;3;1250;A;8;0;7976;16
852;3;139;A;8;0;8274;16
852;3;1801;A;8;0;8262;16
852;3;1350;A;8;0;8195;16
852;3;1020;A;8;0;5357;16
852;3;2975;A;8;0;4488;16
852;3;2540;A;8;0;4484;16
852;3;951;A;8;0;4432;16
852;3;2193;A;8;0;4649;16
852;3;2485;A;8;0;4601;16
852;3;2423;A;8;0;4511;16
852;3;1490;A;8;0;4400;16
852;3;624;A;8;0;4393;16
852;3;2397;A;8;0;4392;16
852;3;3113;A;8;0;4429;16
852;3;35;A;8;0;4403;16
852;3;1879;A;8;0;4401;16
852;3;2030;A;8;0;5077;16
852;3;1515;A;8;0;4869;16
852;3;2684;A;8;0;4830;16
852;3;2060;A;8;0;5249;16
852;3;966;A;8;0;5201;16
852;3;2832;A;8;0;5130;16
852;3;2914;A;8;0;4784;16
852;3;642;A;8;0;4735;16
852;3;2075;A;8;0;4666;16
852;3;2820;A;8;0;4803;16
852;3;2045;A;8;0;4796;16
852;3;2252;A;8;0;4794;16
852;3;1712;A;8;0;8593;16
852;3;580;A;8;0;10065;16
852;3;2044;A;8;0;10060;16
852;3;1980;A;8;0;9962;16
852;3;75;A;8;0;10119;16
852;3;2364;A;8;0;10108;16
852;3;2898;A;8;0;10092;16
852;3;2253;A;8;0;9828;16
852;3;2886;A;8;0;9826;16
852;3;2706;A;8;0;9825;16
852;3;920;A;8;0;9888;16
852;3;3108;A;8;0;9830;16
852;3;2455;A;8;0;9829;16
852;3;2776;A;8;0;10207;16
852;3;3022;A;8;0;10205;16
852;3;2090;A;8;0;10202;16
852;3;2116;A;8;0;10212;16
852;3;2777;A;8;0;10211;16
852;3;2877;A;8;0;10209;16
852;3;2209;A;8;0;10192;16
852;3;1814;A;8;0;10177;16
852;3;2053;A;8;0;10131;16
852;3;1687;A;8;0;10200;16
852;3;2721;A;8;0;10198;16
852;3;2761;A;8;0;10195;16
852;3;2115;A;8;0;9728;16
852;3;1621;A;8;0;9067;16
852;3;1846;A;8;0;9044;16
852;3;910;A;8;0;8970;16
852;3;2634;A;8;0;9155;16
852;3;2541;A;8;0;9139;16
852;3;1483;A;8;0;9078;16
852;3;1751;A;8;0;8654;16
852;3;1620;A;8;0;8635;16
852;3;3125;A;8;0;8610;16
852;3;1656;A;8;0;8961;16
852;3;2106;A;8;0;8958;16
852;3;2594;A;8;0;8720;16
852;3;3045;A;8;0;9541;16
852;3;2417;A;8;0;9538;16
852;3;2740;A;8;0;9537;16
852;3;2313;A;8;0;9613;16
852;3;1569;A;8;0;9595;16
852;3;2620;A;8;0;9550;16
852;3;2559;A;8;0;9262;16
852;3;3098;A;8;0;9259;16
852;3;2392;A;8;0;9257;16
852;3;2767;A;8;0;9490;16
852;3;2114;A;8;0;9486;16
852;3;2844;A;8;0;9386;16
852;3;2962;A;8;0;3198;17
852;3;2194;A;8;0;10435;17
852;3;2398;A;8;0;10434;17
852;3;1982;A;8;0;10432;17
852;3;2475;A;8;0;10441;17
852;3;775;A;8;0;10439;17
852;3;1724;A;8;0;10436;17
852;3;2348;A;8;0;10370;17
852;3;1848;A;8;0;10246;17
852;3;1123;A;8;0;10081;17
852;3;534;A;8;0;10398;17
852;3;945;A;8;0;10373;17
852;3;1211;A;8;0;10371;17
852;3;1114;A;8;0;11291;17
852;3;1374;A;8;0;11279;17
852;3;1815;A;8;0;11241;17
852;3;743;A;8;0;11315;17
852;3;1395;A;8;0;11310;17
852;3;1750;A;8;0;11300;17
852;3;1358;A;8;0;10601;17
852;3;1058;A;8;0;10503;17
852;3;2278;A;8;0;10443;17
852;3;663;A;8;0;11144;17
852;3;2232;A;8;0;11022;17
852;3;3165;A;8;0;10969;17
852;3;1722;A;8;0;9863;17
852;3;1622;A;8;0;9224;17
852;3;912;A;8;0;9176;17
852;3;1892;A;8;0;9173;17
852;3;1887;A;8;0;9275;17
852;3;521;A;8;0;9263;17
852;3;1184;A;8;0;9240;17
852;3;2492;A;8;0;8929;17
852;3;1790;A;8;0;8928;17
852;3;774;A;8;0;8907;17
852;3;1141;A;8;0;8951;17
852;3;506;A;8;0;8946;17
852;3;2211;A;8;0;8939;17
852;3;1069;A;8;0;9733;17
852;3;295;A;8;0;9701;17
852;3;1193;A;8;0;9586;17
852;3;1180;A;8;0;9835;17
852;3;1268;A;8;0;9802;17
852;3;2925;A;8;0;9736;17
852;3;819;A;8;0;9395;17
852;3;1708;A;8;0;9345;17
852;3;1376;A;8;0;9343;17
852;3;565;A;8;0;9520;17
852;3;881;A;8;0;9481;17
852;3;875;A;8;0;9462;17
852;3;799;A;8;0;11317;17
852;3;179;A;8;0;11961;17
852;3;2073;A;8;0;11874;17
852;3;1946;A;8;0;11864;17
852;3;2221;A;8;0;12295;17
852;3;316;A;8;0;12286;17
852;3;1011;A;8;0;11981;17
852;3;1762;A;8;0;11761;17
852;3;1444;A;8;0;11688;17
852;3;121;A;8;0;11673;17
852;3;1447;A;8;0;11858;17
852;3;410;A;8;0;11833;17
852;3;2571;A;8;0;11775;17
852;3;2282;A;8;0;1297;19
852;3;830;A;8;0;1295;19
852;3;1596;A;8;0;906;19
852;3;2165;A;8;0;1549;19
852;3;2407;A;8;0;1398;19
852;3;225;A;8;0;1300;19
852;3;205;A;8;0;933;5
852;3;1715;A;8;0;12525;17
852;3;2217;A;8;0;12498;17
852;3;1281;A;8;0;821;19
852;3;1698;A;8;0;767;19
852;3;1714;A;8;0;749;19
852;3;1843;A;8;0;11672;17
852;3;1752;A;8;0;11403;17
852;3;249;A;8;0;11394;17
852;3;1659;A;8;0;11389;17
852;3;1538;A;8;0;11421;17
852;3;2091;A;8;0;11413;17
852;3;814;A;8;0;11404;17
852;3;445;A;8;0;11338;17
852;3;643;A;8;0;11335;17
852;3;2643;A;8;0;11323;17
852;3;1495;A;8;0;11386;17
852;3;981;A;8;0;11373;17
852;3;552;A;8;0;11348;17
852;3;1717;A;8;0;11630;17
852;3;612;A;8;0;11621;17
852;3;576;A;8;0;11556;17
852;3;744;A;8;0;11655;17
852;3;448;A;8;0;11648;17
852;3;1842;A;8;0;11641;17
852;3;118;A;8;0;11454;17
852;3;1075;A;8;0;11435;17
852;3;1204;A;8;0;11425;17
852;3;2762;A;8;0;11460;17
852;3;1910;A;8;0;11459;17
852;3;2180;A;8;0;11458;17
852;3;2028;A;8;0;4967;17
852;3;2066;A;8;0;4942;17
852;3;2428;A;8;0;4932;17
852;3;497;A;8;0;5067;17
852;3;1472;A;8;0;5028;17
852;3;99;A;8;0;5005;17
852;3;2526;A;8;0;4687;17
852;3;306;A;8;0;4603;17
852;3;993;A;8;0;4570;17
852;3;839;A;8;0;4919;17
852;3;3088;A;8;0;4841;17
852;3;1398;A;8;0;4782;17
852;3;2131;A;8;0;5573;17
852;3;1643;A;8;0;5535;17
852;3;536;A;8;0;5489;17
852;3;2628;A;8;0;7748;17
852;3;1469;A;8;0;7642;17
852;3;2704;A;8;0;7640;17
852;3;1104;A;8;0;5134;17
852;3;3061;A;8;0;5127;17
852;3;1130;A;8;0;5078;17
852;3;1375;A;8;0;5410;17
852;3;335;A;8;0;5248;17
852;3;1955;A;8;0;5135;17
852;3;798;A;8;0;4567;17
852;3;962;A;8;0;3493;17
852;3;2997;A;8;0;3477;17
852;3;1504;A;8;0;3351;17
852;3;1206;A;8;0;3532;17
852;3;773;A;8;0;3522;17
852;3;2696;A;8;0;3511;17
852;3;782;A;8;0;3225;17
852;3;2000;A;8;0;3218;17
852;3;389;A;8;0;3212;17
852;3;883;A;8;0;3264;17
852;3;1610;A;8;0;3236;17
852;3;1943;A;8;0;3230;17
852;3;1767;A;8;0;4253;17
852;3;1173;A;8;0;4186;17
852;3;957;A;8;0;4150;17
852;3;713;A;8;0;4361;17
852;3;753;A;8;0;4329;17
852;3;380;A;8;0;4323;17
852;3;427;A;8;0;3865;17
852;3;2539;A;8;0;3814;17
852;3;2618;A;8;0;3791;17
852;3;1388;A;8;0;4148;17
852;3;1290;A;8;0;4022;17
852;3;231;A;8;0;3985;17
852;3;338;A;8;0;7750;17
852;3;936;A;8;0;8809;17
852;3;652;A;8;0;8808;17
852;3;1529;A;8;0;8806;17
852;3;499;A;8;0;8813;17
852;3;1749;A;8;0;8811;17
852;3;1648;A;8;0;8810;17
852;3;29;A;8;0;8766;17
852;3;1885;A;8;0;8765;17
852;3;1239;A;8;0;8763;17
852;3;1328;A;8;0;8805;17
852;3;759;A;8;0;8802;17
852;3;1292;A;8;0;8800;17
852;3;1312;A;8;0;8843;17
852;3;218;A;8;0;8839;17
852;3;745;A;8;0;8835;17
852;3;584;A;8;0;8886;17
852;3;813;A;8;0;8847;17
852;3;926;A;8;0;8844;17
852;3;807;A;8;0;8823;17
852;3;572;A;8;0;8821;17
852;3;320;A;8;0;8816;17
852;3;1833;A;8;0;8833;17
852;3;478;A;8;0;8831;17
852;3;1500;A;8;0;8828;17
852;3;726;A;8;0;8761;17
852;3;1491;A;8;0;8243;17
852;3;1616;A;8;0;8062;17
852;3;1409;A;8;0;8006;17
852;3;681;A;8;0;8326;17
852;3;851;A;8;0;8323;17
852;3;1776;A;8;0;8273;17
852;3;92;A;8;0;7846;17
852;3;2212;A;8;0;7818;17
852;3;739;A;8;0;7796;17
852;3;700;A;8;0;7936;17
852;3;1758;A;8;0;7908;17
852;3;2443;A;8;0;7880;17
852;3;122;A;8;0;8741;17
852;3;3053;A;8;0;8588;17
852;3;405;A;8;0;8570;17
852;3;509;A;8;0;8755;17
852;3;453;A;8;0;8752;17
852;3;510;A;8;0;8749;17
852;3;2965;A;8;0;8362;17
852;3;258;A;8;0;8356;17
852;3;230;A;8;0;8334;17
852;3;1081;A;8;0;8552;17
852;3;2062;A;8;0;8519;17
852;3;157;A;8;0;8374;17
852;3;1194;A;8;0;1770;15
852;3;194;A;8;0;1508;15
852;3;1516;A;8;0;1470;15
852;3;70;A;8;0;1787;15
852;3;127;A;8;0;1781;15
852;3;171;A;8;0;1772;15
852;3;1307;A;8;0;834;15
852;3;1200;A;8;0;820;15
852;3;310;A;8;0;752;15
852;3;1282;A;8;0;1426;15
852;3;385;A;8;0;963;15
852;3;238;A;8;0;886;15
852;3;3159;A;8;0;2194;15
852;3;212;A;8;0;2155;15
852;3;1638;A;8;0;2143;15
852;3;569;A;8;0;2252;15
852;3;107;A;8;0;2221;15
852;3;1838;A;8;0;2207;15
852;3;323;A;8;0;1898;15
852;3;47;A;8;0;1885;15
852;3;293;A;8;0;1828;15
852;3;539;A;8;0;2122;15
852;3;869;A;8;0;2097;15
852;3;359;A;8;0;2027;15
852;3;148;A;8;0;698;15
852;3;2382;A;8;0;10861;14
852;3;2409;A;8;0;10700;14
852;3;1088;A;8;0;10661;14
852;3;1742;A;8;0;10980;14
852;3;1107;A;8;0;10979;14
852;3;1256;A;8;0;10880;14
852;3;2088;A;8;0;10505;14
852;3;2205;A;8;0;10484;14
852;3;1760;A;8;0;10444;14
852;3;2132;A;8;0;10546;14
852;3;234;A;8;0;10541;14
852;3;2665;A;8;0;10540;14
852;3;2035;A;8;0;12272;14
852;3;1129;A;8;0;12230;14
852;3;908;A;8;0;11946;14
852;3;1067;A;8;0;617;15
852;3;108;A;8;0;592;15
852;3;2846;A;8;0;948;5
852;3;2276;A;8;0;11242;14
852;3;792;A;8;0;11105;14
852;3;803;A;8;0;10990;14
852;3;1135;A;8;0;11890;14
852;3;1728;A;8;0;11493;14
852;3;1783;A;8;0;11243;14
852;3;356;A;8;0;2253;15
852;3;270;A;8;0;4474;15
852;3;610;A;8;0;4308;15
852;3;504;A;8;0;4236;15
852;3;195;A;8;0;4671;15
852;3;1343;A;8;0;4608;15
852;3;1859;A;8;0;4499;15
852;3;378;A;8;0;4036;15
852;3;742;A;8;0;4013;15
852;3;508;A;8;0;3836;15
852;3;160;A;8;0;4067;15
852;3;2231;A;8;0;4053;15
852;3;2376;A;8;0;4050;15
852;3;709;A;8;0;5229;15
852;3;1556;A;8;0;5217;15
852;3;365;A;8;0;5073;15
852;3;1261;A;8;0;5486;15
852;3;650;A;8;0;5422;15
852;3;1694;A;8;0;5230;15
852;3;1873;A;8;0;4936;15
852;3;898;A;8;0;4927;15
852;3;187;A;8;0;4900;15
852;3;800;A;8;0;5060;15
852;3;174;A;8;0;4973;15
852;3;1737;A;8;0;4938;15
852;3;423;A;8;0;3793;15
852;3;455;A;8;0;2597;15
852;3;269;A;8;0;2566;15
852;3;64;A;8;0;2523;15
852;3;411;A;8;0;2848;15
852;3;276;A;8;0;2748;15
852;3;41;A;8;0;2736;15
852;3;815;A;8;0;2428;15
852;3;267;A;8;0;2373;15
852;3;649;A;8;0;2313;15
852;3;102;A;8;0;2519;15
852;3;520;A;8;0;2502;15
852;3;273;A;8;0;2432;15
852;3;81;A;8;0;3364;15
852;3;575;A;8;0;3313;15
852;3;60;A;8;0;3287;15
852;3;1142;A;8;0;3778;15
852;3;219;A;8;0;3610;15
852;3;123;A;8;0;3396;15
852;3;1379;A;8;0;3161;15
852;3;105;A;8;0;3059;15
852;3;525;A;8;0;2930;15
852;3;112;A;8;0;3283;15
852;3;804;A;8;0;3166;15
852;3;623;A;8;0;3165;15
852;3;3174;A;8;0;4051;14
852;3;2848;A;8;0;4021;14
852;3;1561;A;8;0;3961;14
852;3;688;A;8;0;4257;14
852;3;1612;A;8;0;4054;14
852;3;2074;A;8;0;4052;14
852;3;1787;A;8;0;3786;14
852;3;1397;A;8;0;3747;14
852;3;3085;A;8;0;3190;14
852;3;2869;A;8;0;3919;14
852;3;1977;A;8;0;3910;14
852;3;2389;A;8;0;3896;14
852;3;2080;A;8;0;4726;14
852;3;1773;A;8;0;4696;14
852;3;764;A;8;0;4501;14
852;3;2821;A;8;0;4820;14
852;3;2691;A;8;0;4797;14
852;3;2167;A;8;0;4790;14
852;3;1458;A;8;0;4438;14
852;3;1017;A;8;0;4437;14
852;3;1082;A;8;0;4319;14
852;3;1280;A;8;0;4441;14
852;3;538;A;8;0;4440;14
852;3;821;A;8;0;4439;14
852;3;1756;A;8;0;3157;14
852;3;2198;A;8;0;2119;14
852;3;2502;A;8;0;2093;14
852;3;2893;A;8;0;2079;14
852;3;557;A;8;0;2378;14
852;3;1070;A;8;0;2306;14
852;3;3056;A;8;0;2270;14
852;3;1220;A;8;0;1908;14
852;3;661;A;8;0;1839;14
852;3;1402;A;8;0;1723;14
852;3;1464;A;8;0;2078;14
852;3;2309;A;8;0;2075;14
852;3;1440;A;8;0;2016;14
852;3;399;A;8;0;2768;14
852;3;1940;A;8;0;2758;14
852;3;1947;A;8;0;2751;14
852;3;2865;A;8;0;2949;14
852;3;1719;A;8;0;2933;14
852;3;1098;A;8;0;2811;14
852;3;1195;A;8;0;2593;14
852;3;988;A;8;0;2483;14
852;3;1186;A;8;0;2447;14
852;3;1254;A;8;0;2703;14
852;3;1632;A;8;0;2661;14
852;3;2098;A;8;0;2654;14
852;3;1922;A;8;0;4837;14
852;3;944;A;8;0;9148;14
852;3;2447;A;8;0;9047;14
852;3;1380;A;8;0;8983;14
852;3;1889;A;8;0;9267;14
852;3;1431;A;8;0;9254;14
852;3;159;A;8;0;9243;14
852;3;1568;A;8;0;8667;14
852;3;917;A;8;0;8666;14
852;3;2058;A;8;0;8664;14
852;3;1241;A;8;0;8675;14
852;3;1904;A;8;0;8669;14
852;3;1730;A;8;0;8668;14
852;3;2567;A;8;0;9958;14
852;3;45;A;8;0;9934;14
852;3;1451;A;8;0;9886;14
852;3;2139;A;8;0;10427;14
852;3;1549;A;8;0;10293;14
852;3;3173;A;8;0;10244;14
852;3;3162;A;8;0;9714;14
852;3;3002;A;8;0;9581;14
852;3;1903;A;8;0;9419;14
852;3;655;A;8;0;9842;14
852;3;829;A;8;0;9824;14
852;3;495;A;8;0;9804;14
852;3;1822;A;8;0;8661;14
852;3;2663;A;8;0;7803;14
852;3;1233;A;8;0;7678;14
852;3;1613;A;8;0;7663;14
852;3;1415;A;8;0;7863;14
852;3;787;A;8;0;7862;14
852;3;1505;A;8;0;7861;14
852;3;1990;A;8;0;5437;14
852;3;3017;A;8;0;5358;14
852;3;2850;A;8;0;5273;14
852;3;1012;A;8;0;5576;14
852;3;1941;A;8;0;5574;14
852;3;1551;A;8;0;5525;14
852;3;626;A;8;0;8488;14
852;3;918;A;8;0;8461;14
852;3;2583;A;8;0;8416;14
852;3;1041;A;8;0;8657;14
852;3;1294;A;8;0;8651;14
852;3;1657;A;8;0;8643;14
852;3;721;A;8;0;7869;14
852;3;791;A;8;0;7868;14
852;3;946;A;8;0;7867;14
852;3;1832;A;8;0;8300;14
852;3;1481;A;8;0;8137;14
852;3;1819;A;8;0;8035;14
852;3;2566;A;8;0;5543;15
852;3;1248;A;8;0;1273;16
852;3;135;A;8;0;1265;16
852;3;2036;A;8;0;1218;16
852;3;2190;A;8;0;1396;16
852;3;2085;A;8;0;1350;16
852;3;1645;A;8;0;1305;16
852;3;932;A;8;0;1169;16
852;3;531;A;8;0;1166;16
852;3;2004;A;8;0;1160;16
852;3;1926;A;8;0;1188;16
852;3;998;A;8;0;1178;16
852;3;965;A;8;0;1173;16
852;3;2166;A;8;0;1866;16
852;3;1967;A;8;0;1738;16
852;3;2549;A;8;0;1682;16
852;3;2727;A;8;0;2069;16
852;3;2554;A;8;0;1954;16
852;3;1072;A;8;0;1872;16
852;3;2120;A;8;0;1594;16
852;3;568;A;8;0;1475;16
852;3;1871;A;8;0;1405;16
852;3;1627;A;8;0;1669;16
852;3;2161;A;8;0;1667;16
852;3;636;A;8;0;1631;16
852;3;2136;A;8;0;1158;16
852;3;327;A;8;0;12483;15
852;3;1278;A;8;0;12436;15
852;3;985;A;8;0;12203;15
852;3;682;A;8;0;629;16
852;3;1198;A;8;0;944;5
852;3;662;A;8;0;12491;15
852;3;91;A;8;0;12017;15
852;3;982;A;8;0;11950;15
852;3;987;A;8;0;11873;15
852;3;1103;A;8;0;12072;15
852;3;545;A;8;0;12066;15
852;3;161;A;8;0;12058;15
852;3;916;A;8;0;1105;16
852;3;1133;A;8;0;1103;16
852;3;256;A;8;0;1085;16
852;3;307;A;8;0;1152;16
852;3;1014;A;8;0;1149;16
852;3;754;A;8;0;1111;16
852;3;849;A;8;0;917;16
852;3;1279;A;8;0;801;16
852;3;2622;A;8;0;741;16
852;3;1286;A;8;0;1083;16
852;3;2722;A;8;0;1009;16
852;3;1518;A;8;0;924;16
852;3;1326;A;8;0;2131;16
852;3;1214;A;8;0;3903;16
852;3;2545;A;8;0;3889;16
852;3;1304;A;8;0;3816;16
852;3;2113;A;8;0;4003;16
852;3;1165;A;8;0;3990;16
852;3;3109;A;8;0;3952;16
852;3;1604;A;8;0;3659;16
852;3;2683;A;8;0;3595;16
852;3;2301;A;8;0;3538;16
852;3;2613;A;8;0;3790;16
852;3;2322;A;8;0;3774;16
852;3;2065;A;8;0;3713;16
852;3;1732;A;8;0;4378;16
852;3;2188;A;8;0;4364;16
852;3;1805;A;8;0;4327;16
852;3;2315;A;8;0;4390;16
852;3;3001;A;8;0;4388;16
852;3;893;A;8;0;4380;16
852;3;1895;A;8;0;4077;16
852;3;1153;A;8;0;4040;16
852;3;1148;A;8;0;4004;16
852;3;567;A;8;0;4292;16
852;3;1162;A;8;0;4272;16
852;3;1769;A;8;0;4146;16
852;3;2632;A;8;0;3510;16
852;3;2336;A;8;0;2481;16
852;3;2910;A;8;0;2468;16
852;3;1423;A;8;0;2256;16
852;3;2101;A;8;0;2921;16
852;3;2715;A;8;0;2601;16
852;3;2556;A;8;0;2596;16
852;3;2537;A;8;0;2146;16
852;3;2174;A;8;0;2142;16
852;3;919;A;8;0;2132;16
852;3;2815;A;8;0;2214;16
852;3;255;A;8;0;2209;16
852;3;2453;A;8;0;2147;16
852;3;2432;A;8;0;3273;16
852;3;1594;A;8;0;3178;16
852;3;2575;A;8;0;3172;16
852;3;1368;A;8;0;3378;16
852;3;1258;A;8;0;3334;16
852;3;1277;A;8;0;3309;16
852;3;3078;A;8;0;3044;16
852;3;2396;A;8;0;3042;16
852;3;2871;A;8;0;3007;16
852;3;2434;A;8;0;3133;16
852;3;2995;A;8;0;3131;16
852;3;297;A;8;0;3047;16
852;3;735;A;8;0;9440;15
852;3;383;A;8;0;9437;15
852;3;748;A;8;0;9436;15
852;3;1333;A;8;0;9479;15
852;3;133;A;8;0;9445;15
852;3;1494;A;8;0;9443;15
852;3;154;A;8;0;9420;15
852;3;856;A;8;0;9387;15
852;3;2353;A;8;0;9372;15
852;3;1456;A;8;0;9429;15
852;3;239;A;8;0;9424;15
852;3;488;A;8;0;9423;15
852;3;182;A;8;0;10170;15
852;3;3163;A;8;0;9781;15
852;3;1009;A;8;0;9675;15
852;3;471;A;8;0;10374;15
852;3;204;A;8;0;10314;15
852;3;540;A;8;0;10294;15
852;3;1780;A;8;0;9578;15
852;3;1029;A;8;0;9569;15
852;3;117;A;8;0;9512;15
852;3;186;A;8;0;9670;15
852;3;1506;A;8;0;9624;15
852;3;1059;A;8;0;9621;15
852;3;789;A;8;0;9352;15
852;3;3172;A;8;0;8163;15
852;3;84;A;8;0;8152;15
852;3;314;A;8;0;8111;15
852;3;68;A;8;0;8430;15
852;3;131;A;8;0;8404;15
852;3;1600;A;8;0;8308;15
852;3;1207;A;8;0;7716;15
852;3;1245;A;8;0;7710;15
852;3;168;A;8;0;7627;15
852;3;1720;A;8;0;8047;15
852;3;366;A;8;0;7919;15
852;3;1013;A;8;0;7795;15
852;3;834;A;8;0;9157;15
852;3;305;A;8;0;8993;15
852;3;286;A;8;0;8955;15
852;3;1140;A;8;0;9341;15
852;3;134;A;8;0;9283;15
852;3;288;A;8;0;9269;15
852;3;595;A;8;0;8534;15
852;3;341;A;8;0;8480;15
852;3;292;A;8;0;8447;15
852;3;185;A;8;0;8867;15
852;3;921;A;8;0;8702;15
852;3;412;A;8;0;8695;15
852;3;103;A;8;0;10520;15
852;3;329;A;8;0;11587;15
852;3;149;A;8;0;11561;15
852;3;173;A;8;0;11484;15
852;3;976;A;8;0;11693;15
852;3;559;A;8;0;11681;15
852;3;197;A;8;0;11624;15
852;3;3033;A;8;0;11251;15
852;3;943;A;8;0;11215;15
852;3;889;A;8;0;11192;15
852;3;1144;A;8;0;11471;15
852;3;466;A;8;0;11462;15
852;3;1253;A;8;0;11293;15
852;3;2230;A;8;0;11814;15
852;3;949;A;8;0;11804;15
852;3;1665;A;8;0;11803;15
852;3;646;A;8;0;11855;15
852;3;805;A;8;0;11818;15
852;3;971;A;8;0;11815;15
852;3;608;A;8;0;11767;15
852;3;166;A;8;0;11739;15
852;3;606;A;8;0;11719;15
852;3;1459;A;8;0;11802;15
852;3;50;A;8;0;11785;15
852;3;328;A;8;0;11769;15
852;3;206;A;8;0;11138;15
852;3;72;A;8;0;10823;15
852;3;897;A;8;0;10822;15
852;3;1039;A;8;0;10817;15
852;3;349;A;8;0;10901;15
852;3;512;A;8;0;10888;15
852;3;772;A;8;0;10830;15
852;3;319;A;8;0;10770;15
852;3;833;A;8;0;10767;15
852;3;78;A;8;0;10702;15
852;3;136;A;8;0;10812;15
852;3;678;A;8;0;10810;15
852;3;1196;A;8;0;10809;15
852;3;243;A;8;0;11075;15
852;3;599;A;8;0;11074;15
852;3;409;A;8;0;11068;15
852;3;496;A;8;0;11089;15
852;3;287;A;8;0;11085;15
852;3;262;A;8;0;11079;15
852;3;449;A;8;0;11006;15
852;3;937;A;8;0;10912;15
852;3;355;A;8;0;10903;15
852;3;444;A;8;0;11063;15
852;3;259;A;8;0;11023;15
852;3;336;A;8;0;11013;15
852;3;2171;A;8;0;12334;21
852;3;2547;A;8;0;12333;21
852;3;3037;A;8;0;12247;21
852;3;2946;A;8;0;12377;21
852;3;3129;A;8;0;12367;21
852;3;1387;A;8;0;12336;21
852;3;2972;A;8;0;12172;21
852;3;2617;A;8;0;12108;21
852;3;2701;A;8;0;12107;21
852;3;2680;A;8;0;12193;21
852;3;1925;A;8;0;12190;21
852;3;2788;A;8;0;12175;21
852;3;3081;A;8;0;781;22
852;3;2268;A;8;0;779;22
852;3;1178;A;8;0;773;22
852;3;1177;A;8;0;968;22
852;3;3118;A;8;0;966;22
852;3;2158;A;8;0;925;22
852;3;832;A;8;0;653;5
852;3;210;A;8;0;12459;21
852;3;1433;A;8;0;12421;21
852;3;1707;A;8;0;762;22
852;3;3126;A;8;0;728;22
852;3;2181;A;8;0;719;22
852;3;37;A;8;0;12094;21
852;3;1792;A;8;0;11040;21
852;3;1523;A;8;0;11020;21
852;3;3067;A;8;0;11010;21
852;3;1092;A;8;0;11280;21
852;3;1486;A;8;0;11250;21
852;3;96;A;8;0;11093;21
852;3;2984;A;8;0;10745;21
852;3;2790;A;8;0;10738;21
852;3;547;A;8;0;10725;21
852;3;2280;A;8;0;10896;21
852;3;1530;A;8;0;10840;21
852;3;659;A;8;0;10752;21
852;3;1100;A;8;0;11927;21
852;3;2774;A;8;0;11915;21
852;3;1938;A;8;0;11891;21
852;3;2383;A;8;0;12007;21
852;3;2425;A;8;0;12006;21
852;3;79;A;8;0;11932;21
852;3;1047;A;8;0;11662;21
852;3;2006;A;8;0;11646;21
852;3;1266;A;8;0;11613;21
852;3;2385;A;8;0;11782;21
852;3;720;A;8;0;11768;21
852;3;2424;A;8;0;11735;21
852;3;915;A;8;0;1005;22
852;3;3063;A;8;0;2396;22
852;3;2784;A;8;0;2395;22
852;3;2068;A;8;0;2380;22
852;3;2386;A;8;0;2621;22
852;3;3150;A;8;0;2453;22
852;3;2896;A;8;0;2399;22
852;3;3080;A;8;0;2124;22
852;3;1618;A;8;0;2091;22
852;3;3132;A;8;0;2085;22
852;3;2134;A;8;0;2192;22
852;3;2498;A;8;0;2177;22
852;3;1850;A;8;0;2148;22
852;3;3094;A;8;0;3124;22
852;3;2955;A;8;0;3118;22
852;3;1771;A;8;0;3016;22
852;3;954;A;8;0;3232;22
852;3;1679;A;8;0;3191;22
852;3;1209;A;8;0;3149;22
852;3;2176;A;8;0;2787;22
852;3;1725;A;8;0;2785;22
852;3;1394;A;8;0;2635;22
852;3;3154;A;8;0;2939;22
852;3;1669;A;8;0;2935;22
852;3;2018;A;8;0;2929;22
852;3;835;A;8;0;2084;22
852;3;1588;A;8;0;1348;22
852;3;695;A;8;0;1341;22
852;3;1441;A;8;0;1332;22
852;3;2824;A;8;0;1503;22
852;3;3015;A;8;0;1416;22
852;3;1619;A;8;0;1407;22
852;3;2095;A;8;0;1157;22
852;3;1674;A;8;0;1140;22
852;3;2421;A;8;0;1057;22
852;3;2277;A;8;0;1331;22
852;3;2928;A;8;0;1274;22
852;3;1744;A;8;0;1233;22
852;3;1582;A;8;0;1758;22
852;3;3076;A;8;0;1730;22
852;3;1716;A;8;0;1707;22
852;3;2047;A;8;0;2007;22
852;3;2374;A;8;0;1983;22
852;3;2641;A;8;0;1760;22
852;3;2577;A;8;0;1585;22
852;3;2408;A;8;0;1573;22
852;3;1401;A;8;0;1565;22
852;3;2793;A;8;0;1681;22
852;3;2442;A;8;0;1640;22
852;3;3092;A;8;0;1586;22
852;3;1276;A;8;0;7687;21
852;3;1917;A;8;0;7664;21
852;3;1167;A;8;0;5567;21
852;3;1590;A;8;0;7773;21
852;3;2186;A;8;0;7761;21
852;3;2001;A;8;0;7743;21
852;3;1308;A;8;0;5471;21
852;3;1540;A;8;0;5470;21
852;3;2527;A;8;0;5468;21
852;3;2391;A;8;0;5558;21
852;3;2103;A;8;0;5534;21
852;3;806;A;8;0;5521;21
852;3;1791;A;8;0;8271;21
852;3;2940;A;8;0;8170;21
852;3;1332;A;8;0;8166;21
852;3;1240;A;8;0;8340;21
852;3;2302;A;8;0;8325;21
852;3;2105;A;8;0;8272;21
852;3;2732;A;8;0;7918;21
852;3;3133;A;8;0;7901;21
852;3;1341;A;8;0;7804;21
852;3;2444;A;8;0;8073;21
852;3;1630;A;8;0;8037;21
852;3;1329;A;8;0;8008;21
852;3;2208;A;8;0;5348;21
852;3;3114;A;8;0;4577;21
852;3;2511;A;8;0;4436;21
852;3;2289;A;8;0;4420;21
852;3;1748;A;8;0;4688;21
852;3;1696;A;8;0;4623;21
852;3;2013;A;8;0;4610;21
852;3;1639;A;8;0;4188;21
852;3;2344;A;8;0;4081;21
852;3;3057;A;8;0;3954;21
852;3;1605;A;8;0;4419;21
852;3;2226;A;8;0;4369;21
852;3;2240;A;8;0;4353;21
852;3;1571;A;8;0;5259;21
852;3;1670;A;8;0;5088;21
852;3;2969;A;8;0;4970;21
852;3;2077;A;8;0;5318;21
852;3;1593;A;8;0;5305;21
852;3;2297;A;8;0;5269;21
852;3;3012;A;8;0;4805;21
852;3;2435;A;8;0;4779;21
852;3;2365;A;8;0;4774;21
852;3;3029;A;8;0;4947;21
852;3;1179;A;8;0;4922;21
852;3;2996;A;8;0;4815;21
852;3;1923;A;8;0;8353;21
852;3;2148;A;8;0;9602;21
852;3;2768;A;8;0;9563;21
852;3;2126;A;8;0;9545;21
852;3;2859;A;8;0;9820;21
852;3;1391;A;8;0;9808;21
852;3;2757;A;8;0;9737;21
852;3;989;A;8;0;9220;21
852;3;1226;A;8;0;9212;21
852;3;2366;A;8;0;9207;21
852;3;299;A;8;0;9391;21
852;3;2422;A;8;0;9348;21
852;3;2087;A;8;0;9316;21
852;3;1862;A;8;0;10322;21
852;3;232;A;8;0;10317;21
852;3;3060;A;8;0;10191;21
852;3;2808;A;8;0;10695;21
852;3;2368;A;8;0;10692;21
852;3;2064;A;8;0;10458;21
852;3;2360;A;8;0;10169;21
852;3;2616;A;8;0;10047;21
852;3;3116;A;8;0;9933;21
852;3;1320;A;8;0;10189;21
852;3;1754;A;8;0;10188;21
852;3;2568;A;8;0;10187;21
852;3;1997;A;8;0;9204;21
852;3;2372;A;8;0;8637;21
852;3;616;A;8;0;8633;21
852;3;1418;A;8;0;8629;21
852;3;1330;A;8;0;8673;21
852;3;2739;A;8;0;8670;21
852;3;3082;A;8;0;8638;21
852;3;891;A;8;0;8555;21
852;3;2100;A;8;0;8541;21
852;3;2522;A;8;0;8494;21
852;3;2317;A;8;0;8600;21
852;3;1417;A;8;0;8597;21
852;3;1688;A;8;0;8595;21
852;3;690;A;8;0;9050;21
852;3;727;A;8;0;9048;21
852;3;2957;A;8;0;9046;21
852;3;2670;A;8;0;9200;21
852;3;51;A;8;0;9178;21
852;3;2468;A;8;0;9149;21
852;3;3121;A;8;0;8864;21
852;3;841;A;8;0;8729;21
852;3;1543;A;8;0;8691;21
852;3;2920;A;8;0;9028;21
852;3;1345;A;8;0;8919;21
852;3;2786;A;8;0;8866;21
852;3;1249;A;8;0;3233;22
852;3;2649;A;8;0;10548;22
852;3;2713;A;8;0;10412;22
852;3;1861;A;8;0;10326;22
852;3;3024;A;8;0;10753;22
852;3;2189;A;8;0;10736;22
852;3;2507;A;8;0;10735;22
852;3;3135;A;8;0;10079;22
852;3;1840;A;8;0;10077;22
852;3;882;A;8;0;9996;22
852;3;1915;A;8;0;10321;22
852;3;1537;A;8;0;10283;22
852;3;994;A;8;0;10143;22
852;3;1502;A;8;0;11258;22
852;3;3176;A;8;0;11201;22
852;3;2746;A;8;0;10868;22
852;3;2254;A;8;0;11534;22
852;3;1763;A;8;0;11466;22
852;3;2845;A;8;0;11289;22
852;3;2931;A;8;0;10778;22
852;3;3013;A;8;0;10769;22
852;3;2414;A;8;0;10759;22
852;3;3136;A;8;0;10845;22
852;3;900;A;8;0;10785;22
852;3;1403;A;8;0;10781;22
852;3;1701;A;8;0;9977;22
852;3;1578;A;8;0;9507;22
852;3;1429;A;8;0;9488;22
852;3;2303;A;8;0;9414;22
852;3;2406;A;8;0;9542;22
852;3;3115;A;8;0;9526;22
852;3;2163;A;8;0;9508;22
852;3;2827;A;8;0;9132;22
852;3;1476;A;8;0;9110;22
852;3;1185;A;8;0;9109;22
852;3;2273;A;8;0;9413;22
852;3;2354;A;8;0;9394;22
852;3;2711;A;8;0;9253;22
852;3;1344;A;8;0;9814;22
852;3;2459;A;8;0;9796;22
852;3;1446;A;8;0;9757;22
852;3;2118;A;8;0;9960;22
852;3;2011;A;8;0;9953;22
852;3;2112;A;8;0;9822;22
852;3;2830;A;8;0;9588;22
852;3;3137;A;8;0;9579;22
852;3;2523;A;8;0;9552;22
852;3;3142;A;8;0;9732;22
852;3;1841;A;8;0;9614;22
852;3;1874;A;8;0;9598;22
852;3;1845;A;8;0;11547;22
852;3;1438;A;8;0;12373;22
852;3;1918;A;8;0;12372;22
852;3;3054;A;8;0;12370;22
852;3;2342;A;8;0;12386;22
852;3;199;A;8;0;12380;22
852;3;1525;A;8;0;12378;22
852;3;483;A;8;0;12346;22
852;3;1159;A;8;0;12344;22
852;3;2292;A;8;0;12343;22
852;3;2833;A;8;0;12368;22
852;3;456;A;8;0;12361;22
852;3;3145;A;8;0;12359;22
852;3;2979;A;8;0;12402;22
852;3;1693;A;8;0;12400;22
852;3;3120;A;8;0;12398;22
852;3;3069;A;8;0;12435;22
852;3;2223;A;8;0;12407;22
852;3;1548;A;8;0;12403;22
852;3;1626;A;8;0;12392;22
852;3;2426;A;8;0;12391;22
852;3;1384;A;8;0;12387;22
852;3;1412;A;8;0;12397;22
852;3;3093;A;8;0;12395;22
852;3;2602;A;8;0;12394;22
852;3;2985;A;8;0;12341;22
852;3;1883;A;8;0;11972;22
852;3;1331;A;8;0;11948;22
852;3;2795;A;8;0;11909;22
852;3;3073;A;8;0;12197;22
852;3;2961;A;8;0;12195;22
852;3;2305;A;8;0;11984;22
852;3;872;A;8;0;11634;22
852;3;1169;A;8;0;11610;22
852;3;1542;A;8;0;11609;22
852;3;2942;A;8;0;11861;22
852;3;3105;A;8;0;11856;22
852;3;1487;A;8;0;11727;22
852;3;1503;A;8;0;12309;22
852;3;2433;A;8;0;12308;22
852;3;1738;A;8;0;12307;22
852;3;2291;A;8;0;12337;22
852;3;38;A;8;0;12311;22
852;3;2014;A;8;0;12310;22
852;3;884;A;8;0;12241;22
852;3;3048;A;8;0;12235;22
852;3;2320;A;8;0;12198;22
852;3;1827;A;8;0;12306;22
852;3;950;A;8;0;12303;22
852;3;2676;A;8;0;12293;22
852;3;2638;A;8;0;4754;22
852;3;77;A;8;0;4705;22
852;3;2894;A;8;0;4685;22
852;3;2697;A;8;0;4826;22
852;3;2831;A;8;0;4812;22
852;3;2207;A;8;0;4808;22
852;3;2600;A;8;0;4678;22
852;3;2581;A;8;0;4654;22
852;3;3025;A;8;0;4626;22
852;3;2630;A;8;0;4684;22
852;3;2939;A;8;0;4681;22
852;3;2973;A;8;0;4680;22
852;3;1991;A;8;0;5356;22
852;3;3036;A;8;0;5304;22
852;3;3124;A;8;0;5280;22
852;3;3141;A;8;0;5448;22
852;3;3062;A;8;0;5413;22
852;3;2146;A;8;0;5393;22
852;3;2907;A;8;0;4949;22
852;3;2789;A;8;0;4945;22
852;3;2812;A;8;0;4917;22
852;3;3117;A;8;0;5031;22
852;3;2903;A;8;0;4990;22
852;3;2858;A;8;0;4969;22
852;3;2021;A;8;0;4609;22
852;3;2560;A;8;0;3542;22
852;3;3032;A;8;0;3536;22
852;3;571;A;8;0;3380;22
852;3;350;A;8;0;3833;22
852;3;3020;A;8;0;3809;22
852;3;1212;A;8;0;3543;22
852;3;3140;A;8;0;3314;22
852;3;3003;A;8;0;3265;22
852;3;2645;A;8;0;3235;22
852;3;1217;A;8;0;3356;22
852;3;3155;A;8;0;3342;22
852;3;2415;A;8;0;3340;22
852;3;2897;A;8;0;4365;22
852;3;2853;A;8;0;4332;22
852;3;3021;A;8;0;4322;22
852;3;1349;A;8;0;4562;22
852;3;2742;A;8;0;4500;22
852;3;1625;A;8;0;4461;22
852;3;2477;A;8;0;3955;22
852;3;2899;A;8;0;3953;22
852;3;2703;A;8;0;3899;22
852;3;2744;A;8;0;4285;22
852;3;2450;A;8;0;4017;22
852;3;3153;A;8;0;3984;22
852;3;3144;A;8;0;5449;22
852;3;2966;A;8;0;8620;22
852;3;2494;A;8;0;8601;22
852;3;1984;A;8;0;8590;22
852;3;2533;A;8;0;8628;22
852;3;2513;A;8;0;8624;22
852;3;2467;A;8;0;8623;22
852;3;2557;A;8;0;8489;22
852;3;2225;A;8;0;8460;22
852;3;2224;A;8;0;8452;22
852;3;2138;A;8;0;8583;22
852;3;1378;A;8;0;8502;22
852;3;2017;A;8;0;8499;22
852;3;2938;A;8;0;9042;22
852;3;2179;A;8;0;9032;22
852;3;2999;A;8;0;9000;22
852;3;2970;A;8;0;9106;22
852;3;852;A;8;0;9100;22
852;3;2752;A;8;0;9094;22
852;3;1585;A;8;0;8678;22
852;3;2794;A;8;0;8639;22
852;3;2685;A;8;0;8631;22
852;3;2956;A;8;0;8954;22
852;3;2580;A;8;0;8936;22
852;3;1911;A;8;0;8898;22
852;3;1485;A;8;0;8399;22
852;3;2592;A;8;0;7694;22
852;3;3134;A;8;0;7662;22
852;3;1172;A;8;0;5566;22
852;3;3123;A;8;0;7816;22
852;3;2990;A;8;0;7812;22
852;3;2043;A;8;0;7697;22
852;3;2720;A;8;0;5495;22
852;3;325;A;8;0;5480;22
852;3;190;A;8;0;5458;22
852;3;2216;A;8;0;5516;22
852;3;2486;A;8;0;5513;22
852;3;3122;A;8;0;5499;22
852;3;1902;A;8;0;8235;22
852;3;2598;A;8;0;8234;22
852;3;817;A;8;0;8231;22
852;3;43;A;8;0;8382;22
852;3;2712;A;8;0;8351;22
852;3;2169;A;8;0;8289;22
852;3;2642;A;8;0;8048;22
852;3;2345;A;8;0;8034;22
852;3;1553;A;8;0;8032;22
852;3;1683;A;8;0;8142;22
852;3;2586;A;8;0;8077;22
852;3;2296;A;8;0;8059;22
852;3;3034;A;8;0;2254;20
852;3;1510;A;8;0;2197;20
852;3;2239;A;8;0;2159;20
852;3;2855;A;8;0;2455;20
852;3;3019;A;8;0;2450;20
852;3;2847;A;8;0;2389;20
852;3;2570;A;8;0;2030;20
852;3;2272;A;8;0;2023;20
852;3;2555;A;8;0;2022;20
852;3;2262;A;8;0;2116;20
852;3;419;A;8;0;2062;20
852;3;1952;A;8;0;2046;20
852;3;1847;A;8;0;2945;20
852;3;2517;A;8;0;2918;20
852;3;2834;A;8;0;2909;20
852;3;1267;A;8;0;3242;20
852;3;609;A;8;0;3237;20
852;3;2145;A;8;0;3204;20
852;3;2238;A;8;0;2664;20
852;3;2329;A;8;0;2638;20
852;3;2589;A;8;0;2493;20
852;3;2200;A;8;0;2899;20
852;3;1145;A;8;0;2672;20
852;3;1989;A;8;0;2665;20
852;3;2269;A;8;0;1977;20
852;3;1295;A;8;0;1210;20
852;3;2059;A;8;0;990;20
852;3;2334;A;8;0;826;20
852;3;1828;A;8;0;1562;20
852;3;2002;A;8;0;1428;20
852;3;2104;A;8;0;1354;20
852;3;1755;A;8;0;618;20
852;3;750;A;8;0;836;5
852;3;660;A;8;0;12473;19
852;3;2623;A;8;0;807;20
852;3;1919;A;8;0;790;20
852;3;2281;A;8;0;785;20
852;3;2747;A;8;0;1873;20
852;3;487;A;8;0;1840;20
852;3;1958;A;8;0;1753;20
852;3;929;A;8;0;1955;20
852;3;2800;A;8;0;1909;20
852;3;144;A;8;0;1904;20
852;3;2535;A;8;0;1619;20
852;3;2369;A;8;0;1618;20
852;3;1654;A;8;0;1563;20
852;3;2519;A;8;0;1749;20
852;3;2377;A;8;0;1747;20
852;3;2904;A;8;0;1700;20
852;3;1704;A;8;0;3255;20
852;3;2749;A;8;0;4622;20
852;3;1912;A;8;0;4620;20
852;3;2183;A;8;0;4618;20
852;3;1492;A;8;0;4645;20
852;3;2607;A;8;0;4639;20
852;3;2766;A;8;0;4633;20
852;3;3075;A;8;0;4584;20
852;3;2388;A;8;0;4490;20
852;3;2730;A;8;0;4434;20
852;3;1987;A;8;0;4616;20
852;3;1466;A;8;0;4614;20
852;3;3007;A;8;0;4612;20
852;3;1867;A;8;0;5142;20
852;3;2572;A;8;0;5063;20
852;3;3043;A;8;0;5043;20
852;3;2687;A;8;0;5239;20
852;3;141;A;8;0;5236;20
852;3;126;A;8;0;5179;20
852;3;2974;A;8;0;4747;20
852;3;3042;A;8;0;4683;20
852;3;2773;A;8;0;4647;20
852;3;2379;A;8;0;5003;20
852;3;2750;A;8;0;4959;20
852;3;2719;A;8;0;4948;20
852;3;2177;A;8;0;4346;20
852;3;2876;A;8;0;3731;20
852;3;1834;A;8;0;3728;20
852;3;2878;A;8;0;3635;20
852;3;3112;A;8;0;3738;20
852;3;2585;A;8;0;3737;20
852;3;2888;A;8;0;3735;20
852;3;1370;A;8;0;3412;20
852;3;2932;A;8;0;3371;20
852;3;2702;A;8;0;3322;20
852;3;2584;A;8;0;3618;20
852;3;2982;A;8;0;3604;20
852;3;1795;A;8;0;3505;20
852;3;684;A;8;0;4137;20
852;3;1788;A;8;0;4093;20
852;3;3000;A;8;0;4071;20
852;3;1262;A;8;0;4314;20
852;3;542;A;8;0;4163;20
852;3;2038;A;8;0;4142;20
852;3;1611;A;8;0;3937;20
852;3;2856;A;8;0;3934;20
852;3;2852;A;8;0;3740;20
852;3;3138;A;8;0;4015;20
852;3;855;A;8;0;4010;20
852;3;1713;A;8;0;3951;20
852;3;928;A;8;0;4305;19
852;3;1174;A;8;0;4302;19
852;3;2591;A;8;0;4134;19
852;3;1139;A;8;0;4395;19
852;3;1424;A;8;0;4394;19
852;3;2819;A;8;0;4312;19
852;3;1566;A;8;0;3636;19
852;3;1372;A;8;0;3527;19
852;3;1545;A;8;0;3467;19
852;3;2070;A;8;0;4105;19
852;3;529;A;8;0;4057;19
852;3;491;A;8;0;3887;19
852;3;1015;A;8;0;5081;19
852;3;1108;A;8;0;5065;19
852;3;2204;A;8;0;5035;19
852;3;2816;A;8;0;5405;19
852;3;1156;A;8;0;5351;19
852;3;2285;A;8;0;5169;19
852;3;1573;A;8;0;4819;19
852;3;1731;A;8;0;4750;19
852;3;2686;A;8;0;4702;19
852;3;2429;A;8;0;4991;19
852;3;2271;A;8;0;4965;19
852;3;2370;A;8;0;4924;19
852;3;1703;A;8;0;3460;19
852;3;357;A;8;0;2298;19
852;3;1074;A;8;0;2244;19
852;3;1467;A;8;0;2106;19
852;3;83;A;8;0;2416;19
852;3;730;A;8;0;2397;19
852;3;2270;A;8;0;2372;19
852;3;116;A;8;0;1685;19
852;3;507;A;8;0;1653;19
852;3;665;A;8;0;1622;19
852;3;2287;A;8;0;2101;19
852;3;1471;A;8;0;1916;19
852;3;2143;A;8;0;1692;19
852;3;1824;A;8;0;3089;19
852;3;1327;A;8;0;2925;19
852;3;1808;A;8;0;2922;19
852;3;708;A;8;0;3429;19
852;3;2806;A;8;0;3343;19
852;3;1168;A;8;0;3252;19
852;3;2597;A;8;0;2582;19
852;3;600;A;8;0;2546;19
852;3;176;A;8;0;2509;19
852;3;340;A;8;0;2830;19
852;3;1695;A;8;0;2825;19
852;3;1672;A;8;0;2770;19
852;3;1727;A;8;0;5451;19
852;3;1972;A;8;0;10417;19
852;3;1421;A;8;0;10392;19
852;3;970;A;8;0;10389;19
852;3;49;A;8;0;10634;19
852;3;633;A;8;0;10552;19
852;3;2675;A;8;0;10465;19
852;3;1443;A;8;0;10028;19
852;3;1857;A;8;0;10017;19
852;3;1152;A;8;0;9768;19
852;3;2465;A;8;0;10386;19
852;3;1112;A;8;0;10117;19
852;3;324;A;8;0;10110;19
852;3;1264;A;8;0;11907;19
852;3;1410;A;8;0;11895;19
852;3;2474;A;8;0;11686;19
852;3;2457;A;8;0;12434;19
852;3;2259;A;8;0;11945;19
852;3;2799;A;8;0;11918;19
852;3;992;A;8;0;11272;19
852;3;632;A;8;0;11227;19
852;3;167;A;8;0;11049;19
852;3;2072;A;8;0;11660;19
852;3;1232;A;8;0;11501;19
852;3;137;A;8;0;11495;19
852;3;1386;A;8;0;9593;19
852;3;3079;A;8;0;8237;19
852;3;2057;A;8;0;8219;19
852;3;2286;A;8;0;8218;19
852;3;629;A;8;0;8479;19
852;3;1199;A;8;0;8425;19
852;3;560;A;8;0;8330;19
852;3;1408;A;8;0;7893;19
852;3;1096;A;8;0;7673;19
852;3;810;A;8;0;7622;19
852;3;1684;A;8;0;8180;19
852;3;2323;A;8;0;8110;19
852;3;2451;A;8;0;8105;19
852;3;903;A;8;0;9130;19
852;3;82;A;8;0;9117;19
852;3;880;A;8;0;9096;19
852;3;1968;A;8;0;9519;19
852;3;613;A;8;0;9452;19
852;3;3168;A;8;0;9234;19
852;3;2838;A;8;0;8557;19
852;3;1450;A;8;0;8530;19
852;3;2199;A;8;0;8517;19
852;3;621;A;8;0;8877;19
852;3;858;A;8;0;8640;19
852;3;1836;A;8;0;8564;19
852;3;2807;A;8;0;5242;20
852;3;2042;A;8;0;1035;21
852;3;1439;A;8;0;1034;21
852;3;2735;A;8;0;1031;21
852;3;2692;A;8;0;1042;21
852;3;3059;A;8;0;1038;21
852;3;2255;A;8;0;1037;21
852;3;703;A;8;0;952;21
852;3;2497;A;8;0;891;21
852;3;2866;A;8;0;816;21
852;3;1864;A;8;0;1028;21
852;3;1084;A;8;0;1018;21
852;3;1606;A;8;0;961;21
852;3;125;A;8;0;1113;21
852;3;1101;A;8;0;1107;21
852;3;1325;A;8;0;1090;21
852;3;450;A;8;0;1145;21
852;3;2964;A;8;0;1141;21
852;3;352;A;8;0;1131;21
852;3;1818;A;8;0;1048;21
852;3;2418;A;8;0;1047;21
852;3;1489;A;8;0;1043;21
852;3;2889;A;8;0;1089;21
852;3;196;A;8;0;1078;21
852;3;1884;A;8;0;1071;21
852;3;1228;A;8;0;771;21
852;3;1004;A;8;0;11990;20
852;3;317;A;8;0;11989;20
852;3;1586;A;8;0;11987;20
852;3;1831;A;8;0;12008;20
852;3;1132;A;8;0;11998;20
852;3;2883;A;8;0;11993;20
852;3;2351;A;8;0;11970;20
852;3;2403;A;8;0;11960;20
852;3;2508;A;8;0;11951;20
852;3;2472;A;8;0;11978;20
852;3;2218;A;8;0;11975;20
852;3;2333;A;8;0;11973;20
852;3;2127;A;8;0;607;21
852;3;426;A;8;0;684;5
852;3;3049;A;8;0;12509;20
852;3;57;A;8;0;666;21
852;3;2196;A;8;0;643;21
852;3;1587;A;8;0;632;21
852;3;404;A;8;0;12052;20
852;3;3068;A;8;0;12037;20
852;3;2521;A;8;0;12036;20
852;3;2782;A;8;0;12502;20
852;3;1636;A;8;0;12239;20
852;3;2569;A;8;0;12217;20
852;3;3005;A;8;0;1164;21
852;3;1303;A;8;0;2927;21
852;3;2356;A;8;0;2843;21
852;3;2191;A;8;0;2727;21
852;3;2147;A;8;0;3271;21
852;3;2141;A;8;0;3219;21
852;3;2636;A;8;0;3180;21
852;3;2673;A;8;0;2439;21
852;3;2660;A;8;0;2400;21
852;3;1706;A;8;0;2385;21
852;3;1942;A;8;0;2666;21
852;3;2661;A;8;0;2620;21
852;3;975;A;8;0;2490;21
852;3;441;A;8;0;3787;21
852;3;2654;A;8;0;3744;21
852;3;2927;A;8;0;3718;21
852;3;1784;A;8;0;3898;21
852;3;2358;A;8;0;3845;21
852;3;3041;A;8;0;3820;21
852;3;1796;A;8;0;3529;21
852;3;2405;A;8;0;3382;21
852;3;1675;A;8;0;3303;21
852;3;1935;A;8;0;3673;21
852;3;1311;A;8;0;3612;21
852;3;528;A;8;0;3597;21
852;3;296;A;8;0;2354;21
852;3;2748;A;8;0;1355;21
852;3;2698;A;8;0;1338;21
852;3;2160;A;8;0;1337;21
852;3;2257;A;8;0;1727;21
852;3;2937;A;8;0;1593;21
852;3;261;A;8;0;1458;21
852;3;2562;A;8;0;1187;21
852;3;2152;A;8;0;1185;21
852;3;2441;A;8;0;1184;21
852;3;3011;A;8;0;1277;21
852;3;1905;A;8;0;1221;21
852;3;1297;A;8;0;1190;21
852;3;1353;A;8;0;2205;21
852;3;1023;A;8;0;2180;21
852;3;1789;A;8;0;2126;21
852;3;1931;A;8;0;2243;21
852;3;2265;A;8;0;2238;21
852;3;2130;A;8;0;2237;21
852;3;1577;A;8;0;1952;21
852;3;503;A;8;0;1945;21
852;3;1709;A;8;0;1729;21
852;3;755;A;8;0;2095;21
852;3;2032;A;8;0;2089;21
852;3;2612;A;8;0;2021;21
852;3;2430;A;8;0;8849;20
852;3;2023;A;8;0;8652;20
852;3;2587;A;8;0;8626;20
852;3;3086;A;8;0;8934;20
852;3;1733;A;8;0;8926;20
852;3;2111;A;8;0;8917;20
852;3;2395;A;8;0;8612;20
852;3;2499;A;8;0;8607;20
852;3;2558;A;8;0;8591;20
852;3;3151;A;8;0;8617;20
852;3;2976;A;8;0;8615;20
852;3;2401;A;8;0;8614;20
852;3;1663;A;8;0;9288;20
852;3;2324;A;8;0;9222;20
852;3;2156;A;8;0;9158;20
852;3;2679;A;8;0;9411;20
852;3;1933;A;8;0;9363;20
852;3;1900;A;8;0;9361;20
852;3;1182;A;8;0;8988;20
852;3;2681;A;8;0;8986;20
852;3;3127;A;8;0;8973;20
852;3;2518;A;8;0;9103;20
852;3;1856;A;8;0;9064;20
852;3;1649;A;8;0;9054;20
852;3;1939;A;8;0;8586;20
852;3;2531;A;8;0;7900;20
852;3;1785;A;8;0;7896;20
852;3;2578;A;8;0;7702;20
852;3;2611;A;8;0;7948;20
852;3;2890;A;8;0;7947;20
852;3;1999;A;8;0;7944;20
852;3;1473;A;8;0;5582;20
852;3;2989;A;8;0;5528;20
852;3;2135;A;8;0;5245;20
852;3;2175;A;8;0;7690;20
852;3;2860;A;8;0;7677;20
852;3;1662;A;8;0;7674;20
852;3;1442;A;8;0;8515;20
852;3;2548;A;8;0;8500;20
852;3;2941;A;8;0;8485;20
852;3;2128;A;8;0;8575;20
852;3;1383;A;8;0;8573;20
852;3;2867;A;8;0;8542;20
852;3;2338;A;8;0;8146;20
852;3;2491;A;8;0;8056;20
852;3;2760;A;8;0;7956;20
852;3;2960;A;8;0;8423;20
852;3;2573;A;8;0;8347;20
852;3;1160;A;8;0;8247;20
852;3;2921;A;8;0;9455;20
852;3;2420;A;8;0;10655;20
852;3;1866;A;8;0;10645;20
852;3;3096;A;8;0;10506;20
852;3;2350;A;8;0;10806;20
852;3;1367;A;8;0;10776;20
852;3;181;A;8;0;10728;20
852;3;3103;A;8;0;10396;20
852;3;1797;A;8;0;10303;20
852;3;1671;A;8;0;10286;20
852;3;2689;A;8;0;10492;20
852;3;2733;A;8;0;10407;20
852;3;2402;A;8;0;10401;20
852;3;2404;A;8;0;11537;20
852;3;2438;A;8;0;11521;20
852;3;2625;A;8;0;11508;20
852;3;2373;A;8;0;11866;20
852;3;1520;A;8;0;11764;20
852;3;1030;A;8;0;11585;20
852;3;1781;A;8;0;11054;20
852;3;32;A;8;0;10939;20
852;3;2318;A;8;0;10897;20
852;3;2666;A;8;0;11488;20
852;3;1986;A;8;0;11207;20
852;3;673;A;8;0;11091;20
852;3;2671;A;8;0;10282;20
852;3;2705;A;8;0;9662;20
852;3;927;A;8;0;9644;20
852;3;1390;A;8;0;9637;20
852;3;583;A;8;0;9785;20
852;3;2709;A;8;0;9744;20
852;3;2647;A;8;0;9681;20
852;3;2596;A;8;0;9546;20
852;3;2948;A;8;0;9536;20
852;3;2367;A;8;0;9528;20
852;3;1579;A;8;0;9635;20
852;3;2922;A;8;0;9584;20
852;3;1493;A;8;0;9576;20
852;3;1811;A;8;0;10107;20
852;3;1346;A;8;0;10064;20
852;3;109;A;8;0;10031;20
852;3;1870;A;8;0;10279;20
852;3;1689;A;8;0;10276;20
852;3;1865;A;8;0;10139;20
852;3;1242;A;8;0;9877;20
852;3;2154;A;8;0;9848;20
852;3;2983;A;8;0;9792;20
852;3;3010;A;8;0;9975;20
852;3;2304;A;8;0;9950;20
852;3;2214;A;8;0;9929;20
852;3;2778;A;8;0;1748;7
852;3;1271;A;8;0;1721;7
852;3;1147;A;8;0;1719;7
852;3;2841;A;8;0;1848;7
852;3;1124;A;8;0;1846;7
852;3;896;A;8;0;1845;7
852;3;1521;A;8;0;1710;7
852;3;645;A;8;0;1663;7
852;3;1270;A;8;0;1660;7
852;3;414;A;8;0;1717;7
852;3;1740;A;8;0;1716;7
852;3;2552;A;8;0;1713;7
852;3;1927;A;8;0;2112;7
852;3;1453;A;8;0;2083;7
852;3;2024;A;8;0;2072;7
852;3;1432;A;8;0;2135;7
852;3;1668;A;8;0;2121;7
852;3;1806;A;8;0;2120;7
852;3;2694;A;8;0;1868;7
852;3;1316;A;8;0;1859;7
852;3;1201;A;8;0;1854;7
852;3;1335;A;8;0;2071;7
852;3;2335;A;8;0;2048;7
852;3;470;A;8;0;1911;7
852;3;1995;A;8;0;1659;7
852;3;1093;A;8;0;1236;7
852;3;1026;A;8;0;1225;7
852;3;2256;A;8;0;1058;7
852;3;628;A;8;0;1358;7
852;3;3128;A;8;0;1346;7
852;3;2754;A;8;0;1294;7
852;3;614;A;8;0;855;7
852;3;368;A;8;0;854;7
852;3;3008;A;8;0;852;7
852;3;1757;A;8;0;1051;7
852;3;797;A;8;0;882;7
852;3;1230;A;8;0;859;7
852;3;2880;A;8;0;1603;7
852;3;1499;A;8;0;1602;7
852;3;1465;A;8;0;1600;7
852;3;765;A;8;0;1608;7
852;3;1210;A;8;0;1606;7
852;3;2952;A;8;0;1604;7
852;3;1416;A;8;0;1474;7
852;3;2707;A;8;0;1447;7
852;3;1366;A;8;0;1446;7
852;3;1192;A;8;0;1598;7
852;3;1120;A;8;0;1595;7
852;3;589;A;8;0;1568;7
852;3;2637;A;8;0;2246;7
852;3;2371;A;8;0;3105;7
852;3;2352;A;8;0;3102;7
852;3;2912;A;8;0;3100;7
852;3;2627;A;8;0;3143;7
852;3;3156;A;8;0;3141;7
852;3;2729;A;8;0;3134;7
852;3;2310;A;8;0;3043;7
852;3;3009;A;8;0;3011;7
852;3;221;A;8;0;2951;7
852;3;2003;A;8;0;3099;7
852;3;2387;A;8;0;3074;7
852;3;671;A;8;0;3056;7
852;3;3071;A;8;0;3315;7
852;3;1852;A;8;0;3310;7
852;3;1589;A;8;0;3277;7
852;3;1961;A;8;0;3464;7
852;3;1786;A;8;0;3320;7
852;3;704;A;8;0;3317;7
852;3;2155;A;8;0;3192;7
852;3;3031;A;8;0;3174;7
852;3;2718;A;8;0;3145;7
852;3;3169;A;8;0;3269;7
852;3;530;A;8;0;3259;7
852;3;1809;A;8;0;3227;7
852;3;2069;A;8;0;2950;7
852;3;1959;A;8;0;2630;7
852;3;150;A;8;0;2603;7
852;3;2490;A;8;0;2489;7
852;3;226;A;8;0;2695;7
852;3;284;A;8;0;2690;7
852;3;3077;A;8;0;2632;7
852;3;1005;A;8;0;2300;7
852;3;3143;A;8;0;2296;7
852;3;2244;A;8;0;2250;7
852;3;2544;A;8;0;2454;7
852;3;1422;A;8;0;2407;7
852;3;2579;A;8;0;2343;7
852;3;2325;A;8;0;2912;7
852;3;2917;A;8;0;2905;7
852;3;1517;A;8;0;2902;7
852;3;1664;A;8;0;2947;7
852;3;2818;A;8;0;2937;7
852;3;1389;A;8;0;2924;7
852;3;2609;A;8;0;2832;7
852;3;1891;A;8;0;2747;7
852;3;1155;A;8;0;2744;7
852;3;2520;A;8;0;2894;7
852;3;781;A;8;0;2845;7
852;3;2458;A;8;0;2836;7
852;3;1296;A;8;0;4355;6
852;3;1666;A;8;0;3966;6
852;3;53;A;8;0;3512;6
852;3;749;A;8;0;4486;6
852;3;1480;A;8;0;4459;6
852;3;1692;A;8;0;4457;6
852;3;375;A;8;0;3137;6
852;3;237;A;8;0;3114;6
852;3;279;A;8;0;2679;6
852;3;110;A;8;0;3388;6
852;3;1595;A;8;0;3258;6
852;3;1038;A;8;0;3246;6
852;3;555;A;8;0;5215;6
852;3;1860;A;8;0;5209;6
852;3;294;A;8;0;5205;6
852;3;523;A;8;0;5307;6
852;3;1046;A;8;0;5250;6
852;3;1777;A;8;0;5221;6
852;3;1043;A;8;0;4739;6
852;3;345;A;8;0;4729;6
852;3;2201;A;8;0;4692;6
852;3;257;A;8;0;5144;6
852;3;1971;A;8;0;4818;6
852;3;644;A;8;0;4751;6
852;3;1265;A;8;0;2594;6
852;3;80;A;8;0;1360;6
852;3;229;A;8;0;1321;6
852;3;1475;A;8;0;730;6
852;3;370;A;8;0;1389;6
852;3;598;A;8;0;1387;6
852;3;36;A;8;0;1366;6
852;3;2574;A;8;0;12399;4
852;3;2384;A;8;0;12275;4
852;3;1498;A;8;0;12236;4
852;3;574;A;8;0;2001;5
852;3;2629;A;8;0;12468;4
852;3;2312;A;8;0;12446;4
852;3;183;A;8;0;2349;6
852;3;268;A;8;0;2201;6
852;3;2083;A;8;0;1991;6
852;3;1735;A;8;0;2413;6
852;3;653;A;8;0;2410;6
852;3;342;A;8;0;2391;6
852;3;625;A;8;0;1752;6
852;3;1338;A;8;0;1548;6
852;3;1287;A;8;0;1410;6
852;3;532;A;8;0;1968;6
852;3;2361;A;8;0;1941;6
852;3;769;A;8;0;1934;6
852;3;776;A;8;0;5533;6
852;3;1764;A;8;0;579;7
852;3;3039;A;8;0;577;7
852;3;2437;A;8;0;1827;5
852;3;2943;A;8;0;584;7
852;3;420;A;8;0;581;7
852;3;3058;A;8;0;580;7
852;3;2987;A;8;0;11710;6
852;3;271;A;8;0;11691;6
852;3;235;A;8;0;11600;6
852;3;905;A;8;0;12479;6
852;3;216;A;8;0;12155;6
852;3;1008;A;8;0;12030;6
852;3;2093;A;8;0;786;7
852;3;2783;A;8;0;780;7
852;3;3046;A;8;0;743;7
852;3;250;A;8;0;794;7
852;3;1056;A;8;0;793;7
852;3;2923;A;8;0;787;7
852;3;1893;A;8;0;656;7
852;3;2652;A;8;0;590;7
852;3;2534;A;8;0;586;7
852;3;2314;A;8;0;742;7
852;3;1678;A;8;0;740;7
852;3;1584;A;8;0;687;7
852;3;997;A;8;0;11208;6
852;3;223;A;8;0;7993;6
852;3;240;A;8;0;7983;6
852;3;1175;A;8;0;7982;6
852;3;972;A;8;0;8380;6
852;3;1076;A;8;0;8291;6
852;3;1094;A;8;0;8239;6
852;3;1215;A;8;0;7889;6
852;3;2601;A;8;0;7658;6
852;3;556;A;8;0;7649;6
852;3;145;A;8;0;7965;6
852;3;680;A;8;0;7904;6
852;3;372;A;8;0;7890;6
852;3;516;A;8;0;10351;6
852;3;871;A;8;0;9987;6
852;3;152;A;8;0;9983;6
852;3;1364;A;8;0;11117;6
852;3;162;A;8;0;10592;6
852;3;93;A;8;0;10474;6
852;3;2086;A;8;0;9003;6
852;3;511;A;8;0;8899;6
852;3;272;A;8;0;8523;6
852;3;2228;A;8;0;9606;6
852;3;811;A;8;0;9591;6
852;3;58;A;8;0;9010;6
852;3;848;A;8;0;3614;7
852;3;527;A;8;0;9872;7
852;3;857;A;8;0;9817;7
852;3;1914;A;8;0;9811;7
852;3;1373;A;8;0;9892;7
852;3;481;A;8;0;9891;7
852;3;1705;A;8;0;9875;7
852;3;2025;A;8;0;9740;7
852;3;2295;A;8;0;9700;7
852;3;1575;A;8;0;9697;7
852;3;2048;A;8;0;9782;7
852;3;3030;A;8;0;9763;7
852;3;1356;A;8;0;9741;7
852;3;2688;A;8;0;9910;7
852;3;2184;A;8;0;9908;7
852;3;513;A;8;0;9906;7
852;3;1702;A;8;0;9914;7
852;3;1309;A;8;0;9913;7
852;3;1960;A;8;0;9911;7
852;3;1962;A;8;0;9896;7
852;3;1354;A;8;0;9895;7
852;3;2412;A;8;0;9893;7
852;3;1062;A;8;0;9904;7
852;3;437;A;8;0;9900;7
852;3;2242;A;8;0;9898;7
852;3;1849;A;8;0;9685;7
852;3;901;A;8;0;9007;7
852;3;639;A;8;0;8945;7
852;3;313;A;8;0;8942;7
852;3;1073;A;8;0;9098;7
852;3;46;A;8;0;9083;7
852;3;2294;A;8;0;9065;7
852;3;3107;A;8;0;8718;7
852;3;309;A;8;0;8706;7
852;3;1091;A;8;0;8683;7
852;3;890;A;8;0;8921;7
852;3;2500;A;8;0;8850;7
852;3;2213;A;8;0;8803;7
852;3;2646;A;8;0;9590;7
852;3;620;A;8;0;9561;7
852;3;1534;A;8;0;9371;7
852;3;1878;A;8;0;9683;7
852;3;207;A;8;0;9625;7
852;3;2839;A;8;0;9608;7
852;3;3044;A;8;0;9171;7
852;3;3130;A;8;0;9153;7
852;3;1342;A;8;0;9134;7
852;3;3146;A;8;0;9356;7
852;3;2328;A;8;0;9354;7
852;3;1187;A;8;0;9232;7
852;3;1077;A;8;0;9915;7
852;3;1726;A;8;0;10905;7
852;3;315;A;8;0;10883;7
852;3;2734;A;8;0;10878;7
852;3;2823;A;8;0;10981;7
852;3;888;A;8;0;10959;7
852;3;2953;A;8;0;10934;7
852;3;2588;A;8;0;10742;7
852;3;586;A;8;0;10740;7
852;3;961;A;8;0;10666;7
852;3;1734;A;8;0;10876;7
852;3;252;A;8;0;10847;7
852;3;164;A;8;0;10797;7
852;3;1087;A;8;0;11113;7
852;3;442;A;8;0;11107;7
852;3;710;A;8;0;11041;7
852;3;3149;A;8;0;11245;7
852;3;1837;A;8;0;11219;7
852;3;1289;A;8;0;11114;7
852;3;1965;A;8;0;11031;7
852;3;1235;A;8;0;10984;7
852;3;1420;A;8;0;10982;7
852;3;777;A;8;0;11038;7
852;3;1243;A;8;0;11035;7
852;3;376;A;8;0;11034;7
852;3;353;A;8;0;10663;7
852;3;115;A;8;0;10010;7
852;3;2651;A;8;0;9968;7
852;3;795;A;8;0;9954;7
852;3;2173;A;8;0;10075;7
852;3;95;A;8;0;10053;7
852;3;1119;A;8;0;10049;7
852;3;124;A;8;0;9919;7
852;3;2264;A;8;0;9918;7
852;3;1994;A;8;0;9917;7
852;3;1565;A;8;0;9927;7
852;3;712;A;8;0;9925;7
852;3;677;A;8;0;9922;7
852;3;2891;A;8;0;10500;7
852;3;1382;A;8;0;10428;7
852;3;1359;A;8;0;10413;7
852;3;2355;A;8;0;10657;7
852;3;2726;A;8;0;10597;7
852;3;2532;A;8;0;10596;7
852;3;3152;A;8;0;10104;7
852;3;1425;A;8;0;10090;7
852;3;2249;A;8;0;10076;7
852;3;2031;A;8;0;10387;7
852;3;2949;A;8;0;10384;7
852;3;2656;A;8;0;10297;7
852;3;2473;A;8;0;4261;7
852;3;827;A;8;0;4185;7
852;3;2162;A;8;0;4144;7
852;3;3084;A;8;0;4363;7
852;3;2840;A;8;0;4359;7
852;3;1906;A;8;0;4286;7
852;3;2998;A;8;0;4029;7
852;3;1208;A;8;0;4000;7
852;3;1449;A;8;0;3907;7
852;3;844;A;8;0;4110;7
852;3;3006;A;8;0;4065;7
852;3;1260;A;8;0;4034;7
852;3;866;A;8;0;4699;7
852;3;3147;A;8;0;4674;7
852;3;1126;A;8;0;4641;7
852;3;1010;A;8;0;4832;7
852;3;2829;A;8;0;4811;7
852;3;1512;A;8;0;4761;7
852;3;55;A;8;0;4504;7
852;3;2178;A;8;0;4472;7
852;3;812;A;8;0;4456;7
852;3;2063;A;8;0;4588;7
852;3;2738;A;8;0;4572;7
852;3;1445;A;8;0;4509;7
852;3;1426;A;8;0;3894;7
852;3;2538;A;8;0;3759;7
852;3;1323;A;8;0;3756;7
852;3;826;A;8;0;3753;7
852;3;1747;A;8;0;3780;7
852;3;1686;A;8;0;3762;7
852;3;1224;A;8;0;3760;7
852;3;2906;A;8;0;3660;7
852;3;904;A;8;0;3625;7
852;3;1820;A;8;0;3623;7
852;3;2631;A;8;0;3751;7
852;3;2986;A;8;0;3745;7
852;3;763;A;8;0;3669;7
852;3;1563;A;8;0;3807;7
852;3;2765;A;8;0;3805;7
852;3;2357;A;8;0;3804;7
852;3;1821;A;8;0;3852;7
852;3;1244;A;8;0;3842;7
852;3;2012;A;8;0;3812;7
852;3;1106;A;8;0;3797;7
852;3;2737;A;8;0;3795;7
852;3;2884;A;8;0;3794;7
852;3;2633;A;8;0;3802;7
852;3;406;A;8;0;3799;7
852;3;2445;A;8;0;3798;7
852;3;2460;A;8;0;4842;7
852;3;617;A;8;0;8031;7
852;3;948;A;8;0;8011;7
852;3;1263;A;8;0;8009;7
852;3;3097;A;8;0;8118;7
852;3;25;A;8;0;8080;7
852;3;2022;A;8;0;8055;7
852;3;2775;A;8;0;7955;7
852;3;922;A;8;0;7930;7
852;3;493;A;8;0;7897;7
852;3;100;A;8;0;7996;7
852;3;369;A;8;0;7989;7
852;3;236;A;8;0;7973;7
852;3;1746;A;8;0;8512;7
852;3;2471;A;8;0;8417;7
852;3;3089;A;8;0;8366;7
852;3;1413;A;8;0;8585;7
852;3;1550;A;8;0;8581;7
852;3;2480;A;8;0;8580;7
852;3;429;A;8;0;8221;7
852;3;892;A;8;0;8150;7
852;3;2593;A;8;0;8149;7
852;3;1567;A;8;0;8321;7
852;3;1371;A;8;0;8299;7
852;3;2054;A;8;0;8226;7
852;3;2078;A;8;0;7843;7
852;3;1216;A;8;0;5192;7
852;3;2530;A;8;0;5175;7
852;3;1924;A;8;0;5140;7
852;3;2881;A;8;0;5349;7
852;3;2122;A;8;0;5287;7
852;3;1928;A;8;0;5257;7
852;3;2411;A;8;0;4957;7
852;3;2822;A;8;0;4951;7
852;3;2439;A;8;0;4856;7
852;3;2506;A;8;0;5132;7
852;3;2464;A;8;0;5118;7
852;3;862;A;8;0;4987;7
852;3;603;A;8;0;7610;7
852;3;3101;A;8;0;5523;7
852;3;2340;A;8;0;5447;7
852;3;2010;A;8;0;7745;7
852;3;363;A;8;0;7744;7
852;3;1463;A;8;0;7718;7
852;3;2479;A;8;0;5376;7
852;3;2266;A;8;0;5370;7
852;3;870;A;8;0;5353;7
852;3;2109;A;8;0;5440;7
852;3;995;A;8;0;5439;7
852;3;1956;A;8;0;5391;7
852;3;2543;A;8;0;1590;4
852;3;2293;A;8;0;1578;4
852;3;2723;A;8;0;1558;4
852;3;2452;A;8;0;1617;4
852;3;2261;A;8;0;1612;4
852;3;1798;A;8;0;1611;4
852;3;2626;A;8;0;1498;4
852;3;2968;A;8;0;1479;4
852;3;1624;A;8;0;1464;4
852;3;2233;A;8;0;1554;4
852;3;1581;A;8;0;1550;4
852;3;1460;A;8;0;1515;4
852;3;2919;A;8;0;1992;4
852;3;1765;A;8;0;1981;4
852;3;3055;A;8;0;1864;4
852;3;2319;A;8;0;2081;4
852;3;2436;A;8;0;2066;4
852;3;3040;A;8;0;2015;4
852;3;2222;A;8;0;1703;4
852;3;390;A;8;0;1670;4
852;3;2050;A;8;0;1658;4
852;3;1190;A;8;0;1849;4
852;3;2343;A;8;0;1746;4
852;3;2954;A;8;0;1736;4
852;3;543;A;8;0;1442;4
852;3;1352;A;8;0;783;4
852;3;2503;A;8;0;747;4
852;3;3050;A;8;0;731;4
852;3;2770;A;8;0;898;4
852;3;2410;A;8;0;851;4
852;3;2992;A;8;0;828;4
852;3;1875;A;8;0;570;4
852;3;967;A;8;0;2005;5
852;3;1601;A;8;0;12496;5
852;3;2129;A;8;0;725;4
852;3;2854;A;8;0;649;4
852;3;2879;A;8;0;645;4
852;3;2096;A;8;0;1258;4
852;3;2764;A;8;0;1257;4
852;3;1951;A;8;0;1241;4
852;3;2283;A;8;0;1417;4
852;3;2862;A;8;0;1290;4
852;3;2813;A;8;0;1259;4
852;3;2817;A;8;0;1012;4
852;3;2926;A;8;0;913;4
852;3;1691;A;8;0;911;4
852;3;2804;A;8;0;1223;4
852;3;1718;A;8;0;1050;4
852;3;2308;A;8;0;1014;4
852;3;2219;A;8;0;2086;4
852;3;1477;A;8;0;3301;4
852;3;2400;A;8;0;3276;4
852;3;1497;A;8;0;3249;4
852;3;2599;A;8;0;3332;4
852;3;2234;A;8;0;3329;4
852;3;1006;A;8;0;3328;4
852;3;1396;A;8;0;2942;4
852;3;2935;A;8;0;2903;4
852;3;2708;A;8;0;2878;4
852;3;2672;A;8;0;3247;4
852;3;2020;A;8;0;3245;4
852;3;2462;A;8;0;3202;4
852;3;2079;A;8;0;3819;4
852;3;2051;A;8;0;3765;4
852;3;2185;A;8;0;3746;4
852;3;2758;A;8;0;3859;4
852;3;1237;A;8;0;3855;4
852;3;683;A;8;0;3839;4
852;3;2510;A;8;0;3418;4
852;3;2978;A;8;0;3402;4
852;3;1996;A;8;0;3386;4
852;3;2801;A;8;0;3733;4
852;3;2590;A;8;0;3677;4
852;3;447;A;8;0;3646;4
852;3;2811;A;8;0;2853;4
852;3;2741;A;8;0;2470;4
852;3;2108;A;8;0;2465;4
852;3;2728;A;8;0;2463;4
852;3;3070;A;8;0;2474;4
852;3;2635;A;8;0;2473;4
852;3;2929;A;8;0;2471;4
852;3;1944;A;8;0;2324;4
852;3;2677;A;8;0;2216;4
852;3;2905;A;8;0;2178;4
852;3;2695;A;8;0;2462;4
852;3;1804;A;8;0;2382;4
852;3;3028;A;8;0;2367;4
852;3;2275;A;8;0;2707;4
852;3;2779;A;8;0;2685;4
852;3;1562;A;8;0;2671;4
852;3;2466;A;8;0;2772;4
852;3;2288;A;8;0;2754;4
852;3;3051;A;8;0;2752;4
852;3;2182;A;8;0;2480;4
852;3;2825;A;8;0;2479;4
852;3;1743;A;8;0;2476;4
852;3;2482;A;8;0;2663;4
852;3;1434;A;8;0;2619;4
852;3;714;A;8;0;2542;4
852;3;607;A;8;0;4139;5
852;3;248;A;8;0;4106;5
852;3;1607;A;8;0;4031;5
852;3;89;A;8;0;4333;5
852;3;604;A;8;0;4248;5
852;3;165;A;8;0;4156;5
852;3;326;A;8;0;3674;5
852;3;1430;A;8;0;3642;5
852;3;422;A;8;0;3599;5
852;3;1037;A;8;0;3901;5
852;3;675;A;8;0;3781;5
852;3;393;A;8;0;3770;5
852;3;54;A;8;0;4877;5
852;3;111;A;8;0;4861;5
852;3;253;A;8;0;4656;5
852;3;535;A;8;0;4962;5
852;3;138;A;8;0;4908;5
852;3;62;A;8;0;4893;5
852;3;175;A;8;0;4512;5
852;3;667;A;8;0;4496;5
852;3;1363;A;8;0;4477;5
852;3;2033;A;8;0;4593;5
852;3;500;A;8;0;4579;5
852;3;30;A;8;0;4518;5
852;3;1361;A;8;0;3222;5
852;3;415;A;8;0;2537;5
852;3;1404;A;8;0;2506;5
852;3;1080;A;8;0;2504;5
852;3;358;A;8;0;2568;5
852;3;1921;A;8;0;2554;5
852;3;1513;A;8;0;2545;5
852;3;1479;A;8;0;2102;5
852;3;689;A;8;0;2042;5
852;3;758;A;8;0;2012;5
852;3;2375;A;8;0;2460;5
852;3;711;A;8;0;2267;5
852;3;836;A;8;0;2140;5
852;3;1306;A;8;0;3077;5
852;3;1535;A;8;0;3076;5
852;3;947;A;8;0;3028;5
852;3;1385;A;8;0;3207;5
852;3;582;A;8;0;3187;5
852;3;641;A;8;0;3078;5
852;3;1823;A;8;0;2766;5
852;3;544;A;8;0;2765;5
852;3;446;A;8;0;2579;5
852;3;794;A;8;0;2940;5
852;3;1526;A;8;0;2916;5
852;3;838;A;8;0;2833;5
852;3;1658;A;8;0;5138;5
852;3;631;A;8;0;10446;5
852;3;502;A;8;0;10421;5
852;3;1110;A;8;0;10394;5
852;3;1259;A;8;0;11000;5
852;3;1032;A;8;0;10795;5
852;3;786;A;8;0;10749;5
852;3;1128;A;8;0;10164;5
852;3;222;A;8;0;10149;5
852;3;1122;A;8;0;9774;5
852;3;227;A;8;0;10357;5
852;3;379;A;8;0;10312;5
852;3;203;A;8;0;10165;5
852;3;2107;A;8;0;11721;5
852;3;2857;A;8;0;11709;5
852;3;312;A;8;0;11516;5
852;3;413;A;8;0;11979;5
852;3;698;A;8;0;11920;5
852;3;1362;A;8;0;11776;5
852;3;793;A;8;0;11195;5
852;3;1083;A;8;0;11186;5
852;3;514;A;8;0;11154;5
852;3;1560;A;8;0;11441;5
852;3;142;A;8;0;11377;5
852;3;298;A;8;0;11305;5
852;3;1436;A;8;0;9464;5
852;3;151;A;8;0;5382;5
852;3;955;A;8;0;5374;5
852;3;178;A;8;0;5342;5
852;3;1907;A;8;0;7854;5
852;3;454;A;8;0;7613;5
852;3;337;A;8;0;5395;5
852;3;1853;A;8;0;5313;5
852;3;924;A;8;0;5311;5
852;3;923;A;8;0;5306;5
852;3;969;A;8;0;5332;5
852;3;1825;A;8;0;5331;5
852;3;694;A;8;0;5316;5
852;3;428;A;8;0;8980;5
852;3;1482;A;8;0;8966;5
852;3;2119;A;8;0;8963;5
852;3;953;A;8;0;9403;5
852;3;761;A;8;0;9141;5
852;3;1191;A;8;0;9108;5
852;3;1981;A;8;0;8188;5
852;3;859;A;8;0;8078;5
852;3;265;A;8;0;7912;5
852;3;657;A;8;0;8700;5
852;3;766;A;8;0;8618;5
852;3;638;A;8;0;8297;5
852;3;1400;A;8;0;3864;4
852;3;417;A;8;0;10041;4
852;3;2916;A;8;0;10004;4
852;3;2780;A;8;0;9956;4
852;3;158;A;8;0;10097;4
852;3;463;A;8;0;10068;4
852;3;1817;A;8;0;10058;4
852;3;2787;A;8;0;9678;4
852;3;1428;A;8;0;9483;4
852;3;2872;A;8;0;9473;4
852;3;2326;A;8;0;9861;4
852;3;2307;A;8;0;9845;4
852;3;2885;A;8;0;9765;4
852;3;2170;A;8;0;10324;4
852;3;2803;A;8;0;10301;4
852;3;2682;A;8;0;10241;4
852;3;1690;A;8;0;10378;4
852;3;2851;A;8;0;10376;4
852;3;1676;A;8;0;10363;4
852;3;1024;A;8;0;10178;4
852;3;2284;A;8;0;10102;4
852;3;2944;A;8;0;10098;4
852;3;2311;A;8;0;10217;4
852;3;2067;A;8;0;10216;4
852;3;2019;A;8;0;10197;4
852;3;2619;A;8;0;9466;4
852;3;2514;A;8;0;9030;4
852;3;1813;A;8;0;8975;4
852;3;2306;A;8;0;8932;4
852;3;2561;A;8;0;9138;4
852;3;3016;A;8;0;9129;4
852;3;2892;A;8;0;9092;4
852;3;2431;A;8;0;8884;4
852;3;2274;A;8;0;8876;4
852;3;2958;A;8;0;8860;4
852;3;1954;A;8;0;8916;4
852;3;3065;A;8;0;8911;4
852;3;2874;A;8;0;8904;4
852;3;837;A;8;0;9335;4
852;3;364;A;8;0;9326;4
852;3;1937;A;8;0;9323;4
852;3;2930;A;8;0;9416;4
852;3;2837;A;8;0;9384;4
852;3;2868;A;8;0;9358;4
852;3;2346;A;8;0;9258;4
852;3;2836;A;8;0;9226;4
852;3;1355;A;8;0;9146;4
852;3;3023;A;8;0;9315;4
852;3;3038;A;8;0;9314;4
852;3;27;A;8;0;9289;4
852;3;1302;A;8;0;10409;4
852;3;2714;A;8;0;11640;4
852;3;1908;A;8;0;11611;4
852;3;2864;A;8;0;11607;4
852;3;824;A;8;0;11840;4
852;3;1298;A;8;0;11706;4
852;3;2843;A;8;0;11658;4
852;3;2781;A;8;0;11255;4
852;3;3119;A;8;0;11233;4
852;3;2399;A;8;0;11204;4
852;3;2449;A;8;0;11536;4
852;3;2945;A;8;0;11470;4
852;3;2525;A;8;0;11256;4
852;3;958;A;8;0;12045;4
852;3;2887;A;8;0;12044;4
852;3;2936;A;8;0;12033;4
852;3;2469;A;8;0;12184;4
852;3;563;A;8;0;12179;4
852;3;1555;A;8;0;12075;4
852;3;2753;A;8;0;11956;4
852;3;2971;A;8;0;11910;4
852;3;2993;A;8;0;11893;4
852;3;2814;A;8;0;12032;4
852;3;2951;A;8;0;12013;4
852;3;1293;A;8;0;11957;4
852;3;2650;A;8;0;11202;4
852;3;2875;A;8;0;10651;4
852;3;1877;A;8;0;10609;4
852;3;861;A;8;0;10549;4
852;3;2220;A;8;0;10701;4
852;3;2446;A;8;0;10697;4
852;3;2250;A;8;0;10653;4
852;3;3066;A;8;0;10463;4
852;3;2648;A;8;0;10460;4
852;3;2258;A;8;0;10414;4
852;3;2125;A;8;0;10529;4
852;3;2440;A;8;0;10517;4
852;3;592;A;8;0;10501;4
852;3;3091;A;8;0;10968;4
852;3;2347;A;8;0;10908;4
852;3;2902;A;8;0;10907;4
852;3;3014;A;8;0;11148;4
852;3;2529;A;8;0;10989;4
852;3;2621;A;8;0;10986;4
852;3;214;A;8;0;10760;4
852;3;1572;A;8;0;10756;4
852;3;2967;A;8;0;10747;4
852;3;2911;A;8;0;10869;4
852;3;2515;A;8;0;10852;4
852;3;146;A;8;0;10835;4
852;3;2563;A;8;0;4968;4
852;3;2756;A;8;0;4937;4
852;3;2550;A;8;0;4921;4
852;3;2493;A;8;0;4992;4
852;3;2796;A;8;0;4972;4
852;3;2959;A;8;0;4971;4
852;3;2016;A;8;0;4835;4
852;3;2802;A;8;0;4834;4
852;3;2662;A;8;0;4817;4
852;3;2582;A;8;0;4853;4
852;3;2901;A;8;0;4847;4
852;3;2849;A;8;0;4839;4
852;3;1170;A;8;0;5261;4
852;3;3104;A;8;0;5255;4
852;3;2604;A;8;0;5254;4
852;3;578;A;8;0;5404;4
852;3;373;A;8;0;5275;4
852;3;2610;A;8;0;5263;4
852;3;2056;A;8;0;5075;4
852;3;2603;A;8;0;5056;4
852;3;2478;A;8;0;5033;4
852;3;2717;A;8;0;5199;4
852;3;66;A;8;0;5120;4
852;3;1318;A;8;0;5086;4
852;3;2977;A;8;0;4816;4
852;3;2674;A;8;0;4098;4
852;3;2895;A;8;0;4091;4
852;3;2826;A;8;0;4044;4
852;3;2359;A;8;0;4444;4
852;3;2769;A;8;0;4307;4
852;3;2606;A;8;0;4290;4
852;3;440;A;8;0;3944;4
852;3;3052;A;8;0;3933;4
852;3;1835;A;8;0;3905;4
852;3;2668;A;8;0;4025;4
852;3;2716;A;8;0;3982;4
852;3;3110;A;8;0;3977;4
852;3;1407;A;8;0;4765;4
852;3;1799;A;8;0;4743;4
852;3;1710;A;8;0;4724;4
852;3;2988;A;8;0;4810;4
852;3;3074;A;8;0;4806;4
852;3;2759;A;8;0;4785;4
852;3;2463;A;8;0;4493;4
852;3;2913;A;8;0;4489;4
852;3;2390;A;8;0;4476;4
852;3;3106;A;8;0;4635;4
852;3;2055;A;8;0;4629;4
852;3;2791;A;8;0;4575;4
852;3;2835;A;8;0;5407;4
852;3;2798;A;8;0;8147;4
852;3;88;A;8;0;8122;4
852;3;1427;A;8;0;8070;4
852;3;2700;A;8;0;8310;4
852;3;1337;A;8;0;8217;4
852;3;2863;A;8;0;8172;4
852;3;2235;A;8;0;7886;4
852;3;983;A;8;0;7884;4
852;3;1117;A;8;0;7881;4
852;3;2915;A;8;0;7978;4
852;3;2488;A;8;0;7932;4
852;3;2483;A;8;0;7909;4
852;3;2413;A;8;0;8547;4
852;3;1858;A;8;0;8492;4
852;3;2227;A;8;0;8491;4
852;3;2785;A;8;0;8856;4
852;3;2614;A;8;0;8603;4
852;3;2419;A;8;0;8553;4
852;3;2241;A;8;0;8355;4
852;3;1839;A;8;0;8329;4
852;3;2908;A;8;0;8319;4
852;3;1597;A;8;0;8486;4
852;3;1181;A;8;0;8450;4
852;3;956;A;8;0;8360;4
852;3;2394;A;8;0;7871;4
852;3;1598;A;8;0;7660;4
852;3;1339;A;8;0;7651;4
852;3;577;A;8;0;7637;4
852;3;2487;A;8;0;7676;4
852;3;3035;A;8;0;7675;4
852;3;1863;A;8;0;7665;4
852;3;2751;A;8;0;5508;4
852;3;2034;A;8;0;5505;4
852;3;2206;A;8;0;5496;4
852;3;2797;A;8;0;5586;4
852;3;2512;A;8;0;5565;4
852;3;2669;A;8;0;5555;4
852;3;3102;A;8;0;7810;4
852;3;2061;A;8;0;7793;4
852;3;2731;A;8;0;7778;4
852;3;2842;A;8;0;7835;4
852;3;2037;A;8;0;7815;4
852;3;3018;A;8;0;7814;4
852;3;2725;A;8;0;7703;4
852;3;1319;A;8;0;7691;4
852;3;2470;A;8;0;7688;4
852;3;2792;A;8;0;7759;4
852;3;1519;A;8;0;7754;4
852;3;1340;A;8;0;7713;4
852;3;1051;A;8;0;11277;7
852;3;39;A;8;0;2608;12
852;3;425;A;8;0;2590;12
852;3;1448;A;8;0;2443;12
852;3;1025;A;8;0;2626;12
852;3;1899;A;8;0;2624;12
852;3;1044;A;8;0;2623;12
852;3;692;A;8;0;1979;12
852;3;2380;A;8;0;1858;12
852;3;1257;A;8;0;1853;12
852;3;740;A;8;0;2430;12
852;3;1221;A;8;0;2344;12
852;3;1888;A;8;0;2323;12
852;3;464;A;8;0;2946;12
852;3;1314;A;8;0;2884;12
852;3;2362;A;8;0;2854;12
852;3;611;A;8;0;3414;12
852;3;52;A;8;0;3403;12
852;3;193;A;8;0;3107;12
852;3;1322;A;8;0;2633;12
852;3;808;A;8;0;2631;12
852;3;1886;A;8;0;2627;12
852;3;1642;A;8;0;2761;12
852;3;424;A;8;0;2760;12
852;3;1816;A;8;0;2750;12
852;3;1628;A;8;0;1850;12
852;3;990;A;8;0;1212;5
852;3;959;A;8;0;12480;11
852;3;2909;A;8;0;12034;11
852;3;1682;A;8;0;713;12
852;3;519;A;8;0;627;12
852;3;461;A;8;0;574;12
852;3;1021;A;8;0;11718;11
852;3;1369;A;8;0;11696;11
852;3;1973;A;8;0;11685;11
852;3;1158;A;8;0;11889;11
852;3;282;A;8;0;11876;11
852;3;1527;A;8;0;11726;11
852;3;515;A;8;0;1484;12
852;3;431;A;8;0;1393;12
852;3;1673;A;8;0;1390;12
852;3;473;A;8;0;1655;12
852;3;1617;A;8;0;1592;12
852;3;1164;A;8;0;1567;12
852;3;1042;A;8;0;900;12
852;3;558;A;8;0;830;12
852;3;590;A;8;0;805;12
852;3;2251;A;8;0;1313;12
852;3;1219;A;8;0;1069;12
852;3;940;A;8;0;902;12
852;3;1018;A;8;0;3419;12
852;3;876;A;8;0;8345;12
852;3;2279;A;8;0;8165;12
852;3;1644;A;8;0;8054;12
852;3;1641;A;8;0;8533;12
852;3;439;A;8;0;8505;12
852;3;1932;A;8;0;8422;12
852;3;701;A;8;0;7858;12
852;3;1615;A;8;0;7856;12
852;3;840;A;8;0;7802;12
852;3;977;A;8;0;8023;12
852;3;1205;A;8;0;8018;12
852;3;2039;A;8;0;7864;12
852;3;1052;A;8;0;9339;12
852;3;2049;A;8;0;9230;12
852;3;733;A;8;0;9227;12
852;3;490;A;8;0;9531;12
852;3;484;A;8;0;9401;12
852;3;619;A;8;0;9388;12
852;3;980;A;8;0;8674;12
852;3;1315;A;8;0;8562;12
852;3;1741;A;8;0;8549;12
852;3;3170;A;8;0;9145;12
852;3;654;A;8;0;9057;12
852;3;1109;A;8;0;8681;12
852;3;669;A;8;0;7719;12
852;3;1779;A;8;0;3832;12
852;3;1778;A;8;0;3830;12
852;3;147;A;8;0;3821;12
852;3;2215;A;8;0;4086;12
852;3;885;A;8;0;4074;12
852;3;395;A;8;0;3920;12
852;3;637;A;8;0;3424;12
852;3;482;A;8;0;3422;12
852;3;562;A;8;0;3420;12
852;3;771;A;8;0;3784;12
852;3;74;A;8;0;3691;12
852;3;1202;A;8;0;3616;12
852;3;860;A;8;0;5121;12
852;3;1317;A;8;0;4935;12
852;3;486;A;8;0;4858;12
852;3;1629;A;8;0;5580;12
852;3;246;A;8;0;5548;12
852;3;738;A;8;0;5139;12
852;3;475;A;8;0;4430;12
852;3;1019;A;8;0;4370;12
852;3;407;A;8;0;4309;12
852;3;2900;A;8;0;4824;12
852;3;3171;A;8;0;4663;12
852;3;725;A;8;0;4650;12
852;3;104;A;8;0;1448;11
852;3;873;A;8;0;1439;11
852;3;2542;A;8;0;1352;11
852;3;522;A;8;0;1542;11
852;3;354;A;8;0;1529;11
852;3;2805;A;8;0;1527;11
852;3;647;A;8;0;964;11
852;3;2046;A;8;0;872;11
852;3;960;A;8;0;734;11
852;3;579;A;8;0;1253;11
852;3;98;A;8;0;1204;11
852;3;1227;A;8;0;1013;11
852;3;277;A;8;0;2648;11
852;3;334;A;8;0;2586;11
852;3;177;A;8;0;2327;11
852;3;2263;A;8;0;3039;11
852;3;348;A;8;0;3035;11
852;3;1149;A;8;0;2784;11
852;3;1992;A;8;0;1637;11
852;3;651;A;8;0;1577;11
852;3;1470;A;8;0;1545;11
852;3;24;A;8;0;2271;11
852;3;1894;A;8;0;2266;11
852;3;734;A;8;0;2130;11
852;3;934;A;8;0;1310;5
852;3;895;A;8;0;11504;10
852;3;374;A;8;0;11262;10
852;3;1102;A;8;0;11237;10
852;3;2416;A;8;0;11755;10
852;3;1646;A;8;0;11707;10
852;3;1336;A;8;0;11689;10
852;3;1802;A;8;0;11061;10
852;3;1770;A;8;0;10864;10
852;3;1127;A;8;0;10850;10
852;3;2810;A;8;0;11142;10
852;3;2393;A;8;0;11123;10
852;3;1508;A;8;0;11103;10
852;3;1113;A;8;0;12224;10
852;3;1419;A;8;0;12149;10
852;3;1576;A;8;0;12091;10
852;3;1623;A;8;0;12514;10
852;3;2933;A;8;0;12500;10
852;3;2321;A;8;0;12237;10
852;3;1377;A;8;0;11880;10
852;3;2040;A;8;0;11827;10
852;3;3083;A;8;0;11824;10
852;3;2918;A;8;0;12050;10
852;3;2963;A;8;0;11958;10
852;3;2140;A;8;0;11899;10
852;3;845;A;8;0;3075;11
852;3;202;A;8;0;8732;11
852;3;384;A;8;0;8726;11
852;3;386;A;8;0;8721;11
852;3;192;A;8;0;9491;11
852;3;566;A;8;0;9474;11
852;3;737;A;8;0;8820;11
852;3;180;A;8;0;8258;11
852;3;729;A;8;0;8169;11
852;3;438;A;8;0;8050;11
852;3;664;A;8;0;8495;11
852;3;1150;A;8;0;8411;11
852;3;591;A;8;0;8361;11
852;3;1086;A;8;0;11268;11
852;3;1285;A;8;0;11239;11
852;3;245;A;8;0;11197;11
852;3;2448;A;8;0;11491;11
852;3;1647;A;8;0;11363;11
852;3;303;A;8;0;11324;11
852;3;686;A;8;0;9965;11
852;3;1399;A;8;0;9964;11
852;3;106;A;8;0;9570;11
852;3;1003;A;8;0;10805;11
852;3;1213;A;8;0;10780;11
852;3;501;A;8;0;10021;11
852;3;1854;A;8;0;8017;11
852;3;155;A;8;0;3576;11
852;3;97;A;8;0;3567;11
852;3;129;A;8;0;3560;11
852;3;1176;A;8;0;3773;11
852;3;479;A;8;0;3590;11
852;3;71;A;8;0;3584;11
852;3;596;A;8;0;3324;11
852;3;1532;A;8;0;3122;11
852;3;1284;A;8;0;3091;11
852;3;172;A;8;0;3555;11
852;3;56;A;8;0;3547;11
852;3;809;A;8;0;3544;11
852;3;1461;A;8;0;5213;11
852;3;1552;A;8;0;5210;11
852;3;702;A;8;0;5158;11
852;3;1993;A;8;0;8015;11
852;3;1544;A;8;0;7667;11
852;3;220;A;8;0;5474;11
852;3;241;A;8;0;4275;11
852;3;280;A;8;0;3947;11
852;3;909;A;8;0;3925;11
852;3;251;A;8;0;5095;11
852;3;1807;A;8;0;5074;11
852;3;1118;A;8;0;4926;11
852;3;494;A;8;0;9749;12
852;3;1457;A;8;0;2241;13
852;3;1360;A;8;0;2239;13
852;3;436;A;8;0;2138;13
852;3;1061;A;8;0;2497;13
852;3;130;A;8;0;2444;13
852;3;1347;A;8;0;2429;13
852;3;842;A;8;0;1997;13
852;3;706;A;8;0;1643;13
852;3;1609;A;8;0;1284;13
852;3;2427;A;8;0;2050;13
852;3;2197;A;8;0;2025;13
852;3;2536;A;8;0;2011;13
852;3;615;A;8;0;4721;13
852;3;1772;A;8;0;4667;13
852;3;831;A;8;0;4516;13
852;3;594;A;8;0;5057;13
852;3;2076;A;8;0;4844;13
852;3;209;A;8;0;4798;13
852;3;63;A;8;0;2789;13
852;3;1913;A;8;0;2728;13
852;3;2316;A;8;0;2549;13
852;3;1406;A;8;0;3785;13
852;3;1189;A;8;0;3384;13
852;3;1970;A;8;0;2808;13
852;3;942;A;8;0;1219;13
852;3;1929;A;8;0;12162;18
852;3;228;A;8;0;11712;18
852;3;163;A;8;0;11637;18
852;3;215;A;8;0;612;13
852;3;48;A;8;0;979;5
852;3;403;A;8;0;12279;18
852;3;939;A;8;0;11452;18
852;3;879;A;8;0;11439;18
852;3;3166;A;8;0;11427;18
852;3;318;A;8;0;11596;18
852;3;73;A;8;0;11572;18
852;3;1721;A;8;0;11506;18
852;3;1071;A;8;0;1003;13
852;3;780;A;8;0;998;13
852;3;561;A;8;0;978;13
852;3;1050;A;8;0;1045;13
852;3;1496;A;8;0;1039;13
852;3;2089;A;8;0;1016;13
852;3;648;A;8;0;726;13
852;3;2658;A;8;0;682;13
852;3;1759;A;8;0;624;13
852;3;388;A;8;0;920;13
852;3;3158;A;8;0;884;13
852;3;1454;A;8;0;813;13
852;3;86;A;8;0;5101;13
852;3;1945;A;8;0;12080;13
852;3;2157;A;8;0;11913;13
852;3;1897;A;8;0;11758;13
852;3;2082;A;8;0;12086;13
852;3;537;A;8;0;12085;13
852;3;1188;A;8;0;12084;13
852;3;69;A;8;0;11165;13
852;3;278;A;8;0;11161;13
852;3;1028;A;8;0;11125;13
852;3;489;A;8;0;11482;13
852;3;346;A;8;0;11480;13
852;3;34;A;8;0;11176;13
852;3;2243;A;8;0;1427;14
852;3;1934;A;8;0;1345;14
852;3;113;A;8;0;1311;14
852;3;2981;A;8;0;1649;14
852;3;1983;A;8;0;1463;14
852;3;768;A;8;0;1429;14
852;3;2659;A;8;0;789;14
852;3;1711;A;8;0;778;14
852;3;2237;A;8;0;950;5
852;3;1299;A;8;0;1276;14
852;3;1851;A;8;0;1226;14
852;3;94;A;8;0;1060;14
852;3;548;A;8;0;11119;13
852;3;1063;A;8;0;8514;13
852;3;468;A;8;0;8367;13
852;3;1583;A;8;0;8117;13
852;3;201;A;8;0;8714;13
852;3;1097;A;8;0;8647;13
852;3;707;A;8;0;8577;13
852;3;285;A;8;0;5361;13
852;3;347;A;8;0;5187;13
852;3;1301;A;8;0;5125;13
852;3;696;A;8;0;8108;13
852;3;1794;A;8;0;7788;13
852;3;979;A;8;0;5427;13
852;3;741;A;8;0;10470;13
852;3;1053;A;8;0;10404;13
852;3;783;A;8;0;10329;13
852;3;1002;A;8;0;11116;13
852;3;1357;A;8;0;10961;13
852;3;796;A;8;0;10958;13
852;3;820;A;8;0;9431;13
852;3;685;A;8;0;9427;13
852;3;85;A;8;0;9029;13
852;3;1151;A;8;0;10325;13
852;3;526;A;8;0;9979;13
852;3;1035;A;8;0;9753;13
852;3;1614;A;8;0;1440;18
852;3;767;A;8;0;697;18
852;3;321;A;8;0;567;18
852;3;2509;A;8;0;2010;18
852;3;330;A;8;0;1910;18
852;3;430;A;8;0;1485;18
852;3;1222;A;8;0;12221;12
852;3;1405;A;8;0;12212;12
852;3;382;A;8;0;12069;12
852;3;587;A;8;0;1203;5
852;3;2159;A;8;0;12433;12
852;3;747;A;8;0;12283;12
852;3;198;A;8;0;4197;18
852;3;170;A;8;0;4193;18
852;3;397;A;8;0;4191;18
852;3;719;A;8;0;4223;18
852;3;886;A;8;0;4221;18
852;3;65;A;8;0;4201;18
852;3;224;A;8;0;2855;18
852;3;736;A;8;0;2080;18
852;3;843;A;8;0;2054;18
852;3;1766;A;8;0;4189;18
852;3;585;A;8;0;4176;18
852;3;2771;A;8;0;3967;18
852;3;1753;A;8;0;12016;12
852;3;2247;A;8;0;10975;12
852;3;847;A;8;0;10871;12
852;3;752;A;8;0;10844;12
852;3;878;A;8;0;11130;12
852;3;1826;A;8;0;11128;12
852;3;974;A;8;0;10976;12
852;3;756;A;8;0;10135;12
852;3;1171;A;8;0;10030;12
852;3;760;A;8;0;9868;12
852;3;2009;A;8;0;10699;12
852;3;3164;A;8;0;10494;12
852;3;1869;A;8;0;10380;12
852;3;1901;A;8;0;11465;12
852;3;593;A;8;0;11406;12
852;3;2772;A;8;0;11247;12
852;3;1950;A;8;0;11898;12
852;3;762;A;8;0;11870;12
852;3;2553;A;8;0;11697;12
852;3;2608;A;8;0;11133;12
852;3;874;A;8;0;11132;12
852;3;930;A;8;0;11131;12
852;3;1246;A;8;0;11236;12
852;3;1157;A;8;0;11137;12
852;3;1411;A;8;0;11135;12
852;3;894;A;8;0;4225;18
852;3;790;A;8;0;11318;18
852;3;33;A;8;0;10915;18
852;3;1252;A;8;0;10648;18
852;3;140;A;8;0;11350;18
852;3;1154;A;8;0;11337;18
852;3;564;A;8;0;11322;18
852;3;275;A;8;0;9715;18
852;3;973;A;8;0;9603;18
852;3;1273;A;8;0;9002;18
852;3;1501;A;8;0;10497;18
852;3;381;A;8;0;10381;18
852;3;779;A;8;0;9718;18
852;3;825;A;8;0;11414;18
852;3;751;A;8;0;11412;18
852;3;1066;A;8;0;11407;18
852;3;670;A;8;0;11423;18
852;3;906;A;8;0;11418;18
852;3;1234;A;8;0;11417;18
852;3;1541;A;8;0;11366;18
852;3;1365;A;8;0;11362;18
852;3;119;A;8;0;11357;18
852;3;1016;A;8;0;11390;18
852;3;964;A;8;0;11371;18
852;3;2229;A;8;0;11367;18
852;3;402;A;8;0;8882;18
852;3;283;A;8;0;4636;18
852;3;76;A;8;0;4446;18
852;3;907;A;8;0;4249;18
852;3;128;A;8;0;4994;18
852;3;1667;A;8;0;4736;18
852;3;344;A;8;0;4644;18
852;3;477;A;8;0;4233;18
852;3;2245;A;8;0;4231;18
852;3;263;A;8;0;4226;18
852;3;581;A;8;0;4246;18
852;3;247;A;8;0;4242;18
852;3;266;A;8;0;4239;18
852;3;87;A;8;0;8025;18
852;3;2363;A;8;0;7987;18
852;3;1699;A;8;0;7951;18
852;3;1653;A;8;0;8507;18
852;3;935;A;8;0;8444;18
852;3;1229;A;8;0;8373;18
852;3;189;A;8;0;5321;18
852;3;1739;A;8;0;5314;18
852;3;887;A;8;0;5252;18
852;3;213;A;8;0;7827;18
852;3;169;A;8;0;5334;18
852;3;264;A;8;0;5327;18
852;3;290;A;8;0;1958;9
852;3;1236;A;8;0;1957;9
852;3;1393;A;8;0;2128;9
852;3;1414;A;8;0;2203;9
852;3;986;A;8;0;2184;9
852;3;1288;A;8;0;1943;9
852;3;143;A;8;0;1517;9
852;3;867;A;8;0;1487;9
852;3;377;A;8;0;1580;9
852;3;546;A;8;0;1878;9
852;3;2699;A;8;0;1588;9
852;3;3160;A;8;0;2264;9
852;3;984;A;8;0;2881;9
852;3;850;A;8;0;2871;9
852;3;1603;A;8;0;3071;9
852;3;188;A;8;0;3200;9
852;3;1608;A;8;0;3185;9
852;3;421;A;8;0;2812;9
852;3;42;A;8;0;2558;9
852;3;679;A;8;0;2304;9
852;3;398;A;8;0;2687;9
852;3;191;A;8;0;2731;9
852;3;217;A;8;0;2716;9
852;3;991;A;8;0;11717;8
852;3;822;A;8;0;11513;8
852;3;476;A;8;0;11738;8
852;3;459;A;8;0;12519;8
852;3;550;A;8;0;12300;8
852;3;999;A;8;0;11426;8
852;3;26;A;8;0;10560;8
852;3;351;A;8;0;10508;8
852;3;308;A;8;0;10599;8
852;3;59;A;8;0;10717;8
852;3;601;A;8;0;10629;8
852;3;865;A;8;0;1570;5
852;3;1509;A;8;0;1196;9
852;3;3027;A;8;0;1033;9
852;3;462;A;8;0;1247;9
852;3;1269;A;8;0;1412;9
852;3;392;A;8;0;1251;9
852;3;467;A;8;0;1019;9
852;3;401;A;8;0;634;9
852;3;331;A;8;0;565;9
852;3;746;A;8;0;692;9
852;3;1844;A;8;0;782;9
852;3;1060;A;8;0;711;9
852;3;1247;A;8;0;3534;9
852;3;1321;A;8;0;8462;9
852;3;1065;A;8;0;8402;9
852;3;1810;A;8;0;8559;9
852;3;1700;A;8;0;8862;9
852;3;311;A;8;0;8561;9
852;3;868;A;8;0;8250;9
852;3;717;A;8;0;8021;9
852;3;1166;A;8;0;8020;9
852;3;2331;A;8;0;8120;9
852;3;2248;A;8;0;8245;9
852;3;114;A;8;0;8174;9
852;3;588;A;8;0;9111;9
852;3;465;A;8;0;9669;9
852;3;396;A;8;0;9667;9
852;3;120;A;8;0;9970;9
852;3;1064;A;8;0;9988;9
852;3;1650;A;8;0;9974;9
852;3;630;A;8;0;9623;9
852;3;802;A;8;0;9277;9
852;3;978;A;8;0;9260;9
852;3;371;A;8;0;9368;9
852;3;244;A;8;0;9609;9
852;3;242;A;8;0;9496;9
852;3;618;A;8;0;4343;9
852;3;1468;A;8;0;4301;9
852;3;469;A;8;0;4376;9
852;3;1275;A;8;0;4780;9
852;3;1036;A;8;0;4757;9
852;3;1225;A;8;0;4255;9
852;3;1351;A;8;0;3992;9
852;3;1452;A;8;0;3631;9
852;3;938;A;8;0;4080;9
852;3;553;A;8;0;4094;9
852;3;1478;A;8;0;4084;9
852;3;597;A;8;0;4918;9
852;3;291;A;8;0;7840;9
852;3;705;A;8;0;7755;9
852;3;1681;A;8;0;7875;9
852;3;1381;A;8;0;7992;9
852;3;304;A;8;0;7980;9
852;3;1055;A;8;0;7644;9
852;3;902;A;8;0;5294;9
852;3;1218;A;8;0;5235;9
852;3;668;A;8;0;5380;9
852;3;570;A;8;0;5562;9
852;3;460;A;8;0;5466;9
852;3;200;A;8;0;9961;8
852;3;1554;A;8;0;12011;7
852;3;3100;A;8;0;11902;7
852;3;1121;A;8;0;12186;7
852;3;1745;A;8;0;12214;7
852;3;2546;A;8;0;12191;7
852;3;1291;A;8;0;11901;7
852;3;1978;A;8;0;11822;7
852;3;2332;A;8;0;11759;7
852;3;3087;A;8;0;11830;7
852;3;1547;A;8;0;11885;7
852;3;1125;A;8;0;11837;7
852;3;3064;A;8;0;12220;7
852;3;485;A;8;0;1822;5
852;3;1979;A;8;0;12529;7
852;3;23;A;8;0;1806;3
852;3;260;A;8;0;714;8
852;3;1027;A;8;0;1705;5
852;3;2861;A;8;0;12524;7
852;3;2084;A;8;0;12276;7
852;3;1546;A;8;0;12231;7
852;3;2564;A;8;0;12409;7
852;3;2236;A;8;0;12455;7
852;3;1539;A;8;0;12441;7
852;3;1045;A;8;0;11410;7
852;3;274;A;8;0;11399;7
852;3;2639;A;8;0;11429;7
852;3;101;A;8;0;11446;7
852;3;1079;A;8;0;11433;7
852;3;1775;A;8;0;11393;7
852;3;1969;A;8;0;11334;7
852;3;2149;A;8;0;11309;7
852;3;2203;A;8;0;11344;7
852;3;573;A;8;0;11387;7
852;3;622;A;8;0;11375;7
852;3;2496;A;8;0;11450;7
852;3;2667;A;8;0;11546;7
852;3;2595;A;8;0;11544;7
852;3;1957;A;8;0;11552;7
852;3;1592;A;8;0;11670;7
852;3;2640;A;8;0;11616;7
852;3;1881;A;8;0;11542;7
852;3;818;A;8;0;11490;7
852;3;301;A;8;0;11472;7
852;3;2644;A;8;0;11507;7
852;3;3157;A;8;0;11539;7
852;3;3148;A;8;0;11538;7
852;3;2094;A;8;0;796;8
852;3;731;A;8;0;7821;8
852;3;67;A;8;0;7721;8
852;3;1163;A;8;0;7826;8
852;3;281;A;8;0;8182;8
852;3;211;A;8;0;8063;8
852;3;996;A;8;0;7655;8
852;3;360;A;8;0;5037;8
852;3;208;A;8;0;4976;8
852;3;2168;A;8;0;5046;8
852;3;1054;A;8;0;5291;8
852;3;2210;A;8;0;5265;8
852;3;1936;A;8;0;8338;8
852;3;1161;A;8;0;9599;8
852;3;1068;A;8;0;9467;8
852;3;1007;A;8;0;9616;8
852;3;551;A;8;0;9878;8
852;3;472;A;8;0;9851;8
852;3;1680;A;8;0;9073;8
852;3;434;A;8;0;8468;8
852;3;1976;A;8;0;8454;8
852;3;2110;A;8;0;8544;8
852;3;693;A;8;0;8949;8
852;3;2150;A;8;0;8890;8
852;3;457;A;8;0;1972;8
852;3;2187;A;8;0;1967;8
852;3;498;A;8;0;1982;8
852;3;90;A;8;0;2160;8
852;3;778;A;8;0;2032;8
852;3;480;A;8;0;1699;8
852;3;1953;A;8;0;869;8
852;3;451;A;8;0;822;8
852;3;343;A;8;0;877;8
852;3;408;A;8;0;1066;8
852;3;666;A;8;0;1049;8
852;3;899;A;8;0;2333;8
852;3;443;A;8;0;3031;8
852;3;1882;A;8;0;2971;8
852;3;691;A;8;0;3052;8
852;3;1774;A;8;0;4770;8
852;3;44;A;8;0;3867;8
852;3;1078;A;8;0;2885;8
852;3;1655;A;8;0;2401;8
852;3;458;A;8;0;2341;8
852;3;361;A;8;0;2408;8
852;3;697;A;8;0;2821;8
852;3;1868;A;8;0;2722;8
852;3;3072;A;8;0;7625;10
852;3;1105;A;8;0;5569;10
852;3;2153;A;8;0;7668;10
852;3;2123;A;8;0;7811;10
852;3;1095;A;8;0;7791;10
852;3;1876;A;8;0;5502;10
852;3;1272;A;8;0;5347;10
852;3;853;A;8;0;5197;10
852;3;1916;A;8;0;5420;10
852;3;952;A;8;0;5487;10
852;3;474;A;8;0;5428;10
852;3;1949;A;8;0;7887;10
852;3;3175;A;8;0;8213;10
852;3;1034;A;8;0;8209;10
852;3;1574;A;8;0;8281;10
852;3;1557;A;8;0;8465;10
852;3;877;A;8;0;8311;10
852;3;627;A;8;0;8207;10
852;3;1507;A;8;0;8014;10
852;3;3095;A;8;0;7934;10
852;3;1305;A;8;0;8038;10
852;3;61;A;8;0;8198;10
852;3;1599;A;8;0;8190;10
852;3;1768;A;8;0;3856;10
852;3;2576;A;8;0;3849;10
852;3;2565;A;8;0;3956;10
852;3;1143;A;8;0;4087;10
852;3;1048;A;8;0;4018;10
852;3;1203;A;8;0;3741;10
852;3;533;A;8;0;3608;10
852;3;1040;A;8;0;3507;10
852;3;1057;A;8;0;3638;10
852;3;418;A;8;0;3719;10
852;3;1334;A;8;0;3709;10
852;3;254;A;8;0;4179;10
852;3;2378;A;8;0;4807;10
852;3;1736;A;8;0;4793;10
852;3;1640;A;8;0;4821;10
852;3;854;A;8;0;5163;10
852;3;605;A;8;0;5152;10
852;3;2724;A;8;0;4787;10
852;3;1136;A;8;0;4297;10
852;3;2029;A;8;0;4256;10
852;3;156;A;8;0;4424;10
852;3;541;A;8;0;4755;10
852;3;3161;A;8;0;4469;10
852;3;863;A;8;0;8526;10
852;3;2339;A;8;0;9793;10
852;3;2489;A;8;0;9789;10
852;3;2071;A;8;0;9798;10
852;3;2528;A;8;0;9839;10
852;3;2172;A;8;0;9836;10
852;3;1274;A;8;0;9746;10
852;3;2950;A;8;0;9657;10
852;3;2099;A;8;0;9655;10
852;3;1462;A;8;0;9658;10
852;3;602;A;8;0;9687;10
852;3;2882;A;8;0;9664;10
852;3;1324;A;8;0;10026;10
852;3;2124;A;8;0;10399;10
852;3;2655;A;8;0;10272;10
852;3;674;A;8;0;10454;10
852;3;1522;A;8;0;10792;10
852;3;1602;A;8;0;10467;10
852;3;1223;A;8;0;10271;10
852;3;2495;A;8;0;10141;10
852;3;2501;A;8;0;10095;10
852;3;1392;A;8;0;10147;10
852;3;1591;A;8;0;10269;10
852;3;40;A;8;0;10250;10
852;3;2327;A;8;0;9252;10
852;3;391;A;8;0;9161;10
852;3;1564;A;8;0;9278;10
852;3;1115;A;8;0;9364;10
852;3;658;A;8;0;9350;10
852;3;2337;A;8;0;9136;10
852;3;2298;A;8;0;8687;10
852;3;2745;A;8;0;8604;10
852;3;400;A;8;0;8857;10
852;3;554;A;8;0;9070;10
852;3;1511;A;8;0;9051;10
852;3;1435;A;8;0;9410;10
852;3;635;A;8;0;9643;10
852;3;1660;A;8;0;9640;10
852;3;1310;A;8;0;9645;10
852;3;2081;A;8;0;9654;10
852;3;3026;A;8;0;9651;10
852;3;1966;A;8;0;9630;10
852;3;3047;A;8;0;9554;10
852;3;2454;A;8;0;9458;10
852;3;1880;A;8;0;9566;10
852;3;2008;A;8;0;9628;10
852;3;2605;A;8;0;9583;10
852;3;1348;A;8;0;3504;10
852;3;31;A;8;0;10612;9
852;3;1533;A;8;0;10999;9
852;3;968;A;8;0;10461;9
852;3;716;A;8;0;10341;9
852;3;1474;A;8;0;10344;9
852;3;1085;A;8;0;11009;9
852;3;1514;A;8;0;11845;9
852;3;672;A;8;0;11850;9
852;3;1022;A;8;0;11765;9
852;3;941;A;8;0;11528;9
852;3;2481;A;8;0;11668;9
852;3;332;A;8;0;10338;9
852;3;2052;A;8;0;9992;9
852;3;433;A;8;0;10006;9
852;3;640;A;8;0;9991;9
852;3;718;A;8;0;1683;10
852;3;1898;A;8;0;1625;10
852;3;1134;A;8;0;10027;9
852;3;2246;A;8;0;10277;9
852;3;1637;A;8;0;10311;9
852;3;828;A;8;0;10249;9
852;3;549;A;8;0;10029;9
852;3;322;A;8;0;10083;9
852;3;785;A;8;0;654;10
852;3;2102;A;8;0;622;10
852;3;1536;A;8;0;660;10
852;3;823;A;8;0;880;10
852;3;2624;A;8;0;871;10
852;3;518;A;8;0;587;10
852;3;1524;A;8;0;12079;9
852;3;933;A;8;0;12078;9
852;3;724;A;8;0;12415;9
852;3;699;A;8;0;1329;5
852;3;1484;A;8;0;12450;9
852;3;1255;A;8;0;927;10
852;3;2260;A;8;0;1505;10
852;3;963;A;8;0;1501;10
852;3;2504;A;8;0;1591;10
852;3;302;A;8;0;12039;9
852;3;1723;A;8;0;12055;9
852;3;517;A;8;0;1399;10
852;3;2873;A;8;0;1027;10
852;3;1138;A;8;0;973;10
852;3;2664;A;8;0;1036;10
852;3;1729;A;8;0;1261;10
852;3;784;A;8;0;1044;10
852;3;1455;A;8;0;1695;10
852;3;2164;A;8;0;2990;10
852;3;1920;A;8;0;2987;10
852;3;722;A;8;0;2993;10
852;3;1283;A;8;0;3002;10
852;3;394;A;8;0;2995;10
852;3;435;A;8;0;2981;10
852;3;2349;A;8;0;2880;10
852;3;2144;A;8;0;2870;10
852;3;1661;A;8;0;2887;10
852;3;2653;A;8;0;2979;10
852;3;2924;A;8;0;2963;10
852;3;524;A;8;0;3321;10
852;3;1089;A;8;0;3479;10
852;3;2330;A;8;0;3474;10
852;3;1634;A;8;0;3481;10
852;3;339;A;8;0;3498;10
852;3;505;A;8;0;3486;10
852;3;1238;A;8;0;3469;10
852;3;1183;A;8;0;3373;10
852;3;3099;A;8;0;3370;10
852;3;1146;A;8;0;3393;10
852;3;2117;A;8;0;3457;10
852;3;28;A;8;0;3433;10
852;3;153;A;8;0;2185;10
852;3;2092;A;8;0;2107;10
852;3;1031;A;8;0;2261;10
852;3;2015;A;8;0;2438;10
852;3;2121;A;8;0;2325;10
852;3;3139;A;8;0;2065;10
852;3;3111;A;8;0;1874;10
852;3;728;A;8;0;1731;10
852;3;1872;A;8;0;1922;10
852;3;2005;A;8;0;1986;10
852;3;2690;A;8;0;1947;10
852;3;911;A;8;0;2533;10
852;3;1985;A;8;0;2644;10
852;3;2947;A;8;0;2607;10
852;3;1559;A;8;0;2655;10
852;3;816;A;8;0;2837;10
852;3;925;A;8;0;2710;10
852;3;931;A;8;0;2588;10
852;3;1001;A;8;0;2541;10
852;3;2736;A;8;0;2540;10
852;3;1974;A;8;0;2551;10
852;3;2980;A;8;0;2584;10
852;3;1099;A;8;0;2553;10
852;3;3191;A;9;2;12261;23
852;3;3192;A;9;2;12262;23
852;3;3195;A;9;2;12260;23
852;3;3189;A;9;2;12257;23
852;3;3190;A;9;2;12259;23
852;3;3193;A;9;2;12263;23
852;3;3198;A;9;2;12269;23
852;3;3199;A;9;2;12270;23
852;3;3197;A;9;2;12268;23
852;3;3194;A;9;2;12265;23
852;3;3196;A;9;2;12267;23
852;3;3188;A;9;2;12256;23
852;3;3180;A;9;2;4085;23
852;3;3185;A;9;2;4102;23
852;3;3179;A;9;2;4009;23
852;3;3177;A;9;2;3981;23
852;3;3178;A;9;2;4007;23
852;3;3181;A;9;2;11784;23
852;3;3186;A;9;2;12254;23
852;3;3187;A;9;2;12255;23
852;3;3184;A;9;2;12178;23
852;3;3182;A;9;2;12168;23
852;3;3183;A;9;2;12177;23
